1.1 0.45,0.45
1.2 1.35,0.45
1.3 2.25,0.45
1.4 3.15,0.45
1.5 4.05,0.45
2.1 0.45,1.35
2.2 1.35,1.35
2.3 2.25,1.35
2.4 3.15,1.35
2.5 4.05,1.35
3.1 0.45,2.25
3.2 1.35,2.25
3.3 2.25,2.25
3.4 3.15,2.25
3.5 4.05,2.25
4.1 0.45,3.15
4.2 1.35,3.15
4.3 2.25,3.15
4.4 3.15,3.15
4.5 4.05,3.15
5.1 0.45,4.05
5.2 1.35,4.05
5.3 2.25,4.05
5.4 3.15,4.05
5.5 4.05,4.05
6.1 0.45,4.95
6.2 1.35,4.95
6.3 2.25,4.95
6.4 3.15,4.95
6.5 4.05,4.95
7.1 0.45,5.85
7.2 1.35,5.85
7.3 2.25,5.85
7.4 3.15,5.85
7.5 4.05,5.85
8.1 0.45,6.75
8.2 1.35,6.75
8.3 2.25,6.75
8.4 3.15,6.75
8.5 4.05,6.75
9.1 0.45,7.65
9.2 1.35,7.65
9.3 2.25,7.65
9.4 3.15,7.65
9.5 4.05,7.65
10.1 0.45,8.55
10.2 1.35,8.55
10.3 2.25,8.55
10.4 3.15,8.55
10.5 4.05,8.55