0 -11.8333333333333 -15.8333333333333 -27.8333333333333 1.1 1.1
0 -10.3333333333333 -14.1666666666667 -26.5 1.1 1.1
0 -10.6666666666667 -17.8333333333333 -29 1.1 1.1
0 -12.1666666666667 -14.3333333333333 -27.6666666666667 1.1 1.1
0 -10.1666666666667 -16.3333333333333 -27.5 1.1 1.1
0 -12.6666666666667 -18.5 -23.6666666666667 1.1 1.1
0 -10.3333333333333 -18.5 -28.8333333333333 1.1 1.1
0 -8.66666666666667 -16.3333333333333 -27.8333333333333 1.1 1.1
0 -9.83333333333333 -17.3333333333333 -26 1.1 1.1
0 -10.5 -17 -27 1.1 1.1
-3.83333333333333 -6.1111 -19.1666666666667 -18.1666666666667 1.2 1.2
-4.44443333333333 -6.72223333333333 -18.6111 -19.9444333333333 1.2 1.2
-4.2222 -7.55556666666667 -16.8889 -21.1111 1.2 1.2
-3.33333333333333 -7.05556666666667 -19.6666666666667 -20.3333333333333 1.2 1.2
-4.1111 -6.8889 -18.2222333333333 -20.3333333333333 1.2 1.2
-3.2222 -7.5 -18.5 -19.0555666666667 1.2 1.2
-4.5 -6.5 -17.5 -20.8333333333333 1.2 1.2
-4 -6.44443333333333 -19.2777666666667 -19.6111 1.2 1.2
-3.44443333333333 -6.16666666666667 -20.8333333333333 -20.9444333333333 1.2 1.2
-3.6111 -7.22223333333333 -18.0555333333333 -21.2777666666667 1.2 1.2
-7.10264589366667 -1.99921746 -19.618426007 -20.1 1.3 1.3
-8.24154589366667 -2.98808412666667 -21.4795593403333 -18.9055666666667 1.3 1.3
-7.685979227 -1.21031746 -21.9795593403333 -22.1555743333333 1.3 1.3
-7.99154589366667 -1.81031746 -17.696226007 -19.5444333333333 1.3 1.3
-7.51931256033333 -1.65475079333333 -20.118426007 -21.4889 1.3 1.3
-8.324879227 -1.33255079333333 -20.2017593403333 -20.7111 1.3 1.3
-9.10264589366667 -1.87698412666667 -21.646226007 -20.6833333333333 1.3 1.3
-8.15821256033333 -1.76588412666667 -20.2017593403333 -20.9055743333333 1.3 1.3
-6.63044589366667 -1.36588412666667 -20.2795593403333 -19.5166666666667 1.3 1.3
-7.824879227 -1.98808412666667 -19.2017593403333 -19.6 1.3 1.3
-7.66666666666667 0.0833333333333333 -13.1111 -14.3055666666667 1.4 1.4
-8 0.666666666666667 -15.3333333333333 -13.4166666666667 1.4 1.4
-8.27776666666667 0 -12.8889 -13.0555666666667 1.4 1.4
-9.19443333333333 0.25 -14.3333333333333 -15.6389 1.4 1.4
-8.41666666666667 0 -13.1944333333333 -14 1.4 1.4
-8.47223333333333 0.166666666666667 -14.1944333333333 -15.5833333333333 1.4 1.4
-8.80556666666667 0.166666666666667 -13.3333333333333 -14.1666666666667 1.4 1.4
-6.58333333333333 0 -14.0277666666667 -13.3611 1.4 1.4
-7.58333333333333 0.0833333333333333 -15.6111 -15.6389 1.4 1.4
-8.22223333333333 0.0833333333333333 -12.8333333333333 -13.9722333333333 1.4 1.4
-9.462585034 8.36206896533333 -18.8333333333333 -16.7058823526667 1.5 1.5
-11.1959183673333 4.25096896533333 -19.9444666666667 -18.2614490193333 1.5 1.5
-8.662585034 3.80650229866667 -19.0555666666667 -16.5947823526667 1.5 1.5
-10.0181517006667 8.139835632 -18.6111333333333 -15.928115686 1.5 1.5
-9.79591836733333 2.69540229866667 -19.6111333333333 -17.039215686 1.5 1.5
-13.7959183673333 9.69540229866667 -22.7222333333333 -20.4836490193333 1.5 1.5
-10.6403517006667 10.4731689653333 -22.2778 -17.928115686 1.5 1.5
-11.4403517006667 7.58430229866667 -21.7222333333333 -18.3725490193333 1.5 1.5
-12.462585034 3.028735632 -21.5 -18.5947823526667 1.5 1.5
-9.68481836733333 6.80650229866667 -19.3889 -17.7058823526667 1.5 1.5
-10.1555666666667 -15.6444333333333 -13.4889 -22.3333333333333 2.1 2.1
-10.2444333333333 -16.3778 -12.7777666666667 -22.8444333333333 2.1 2.1
-9.68886666666667 -16.6666666666667 -12.7778 -23.8889 2.1 2.1
-9.75556666666667 -15.0444333333333 -13.1555333333333 -21.8444333333333 2.1 2.1
-10.4222333333333 -16.5555666666667 -12.1555333333333 -23.2888666666667 2.1 2.1
-10.3333333333333 -16.6222333333333 -13.8889 -22.6222333333333 2.1 2.1
-9.73333333333333 -16.3333333333333 -14.7333333333333 -21.5333333333333 2.1 2.1
-9.33333333333333 -16.7555333333333 -14.1555666666667 -22.9777666666667 2.1 2.1
-8.88886666666667 -16.0222333333333 -12.5777666666667 -23.8444333333333 2.1 2.1
-10.3778 -16.8 -12.7111 -22.0666666666667 2.1 2.1
-6.56665555533333 -7.54699743566667 -11.780372868 -23.3472333333333 2.2 2.2
-6.89998888866667 -7.93589743566667 -12.891472868 -20.8472333333333 2.2 2.2
-4.56665555533333 -5.99146410233333 -13.3359062013333 -22.0694333333333 2.2 2.2
-5.89998888866667 -7.93589743566667 -12.3359062013333 -22.325 2.2 2.2
-6.56665555533333 -8.269230769 -12.502572868 -22.3472333333333 2.2 2.2
-5.34445555533333 -8.04699743566667 -13.6692395346667 -21.1805666666667 2.2 2.2
-5.011122222 -6.49146410233333 -12.1137062013333 -22.125 2.2 2.2
-7.39998888866667 -7.04699743566667 -11.002572868 -21.1805666666667 2.2 2.2
-7.28888888866667 -8.54699743566667 -13.8359062013333 -21.6583333333333 2.2 2.2
-4.89998888866667 -5.158130769 -13.6137062013333 -21.7916666666667 2.2 2.2
-8.778908219 -11.133322222 -17.7666555553333 -20.9047619046667 2.3 2.3
-9.306708219 -9.91665555533333 -18.4277888886667 -23.4825285713333 2.3 2.3
-8.33447488566667 -9.083322222 -17.322222222 -21.288095238 2.3 2.3
-9.22337488566667 -9.44445555533333 -17.3499888886667 -23.1103285713333 2.3 2.3
-7.64004155233333 -10.1666555553333 -16.6555555553333 -20.9936619046667 2.3 2.3
-8.69557488566667 -8.41665555533333 -15.7944555553333 -22.7158619046667 2.3 2.3
-10.1122415523333 -13.1388888886667 -16.6499888886667 -21.2603285713333 2.3 2.3
-9.08447488566667 -10.6944555553333 -16.683322222 -20.9825285713333 2.3 2.3
-10.167808219 -9.88888888866667 -16.961122222 -23.9158619046667 2.3 2.3
-9.36224155233333 -9.222222222 -17.433322222 -22.3547619046667 2.3 2.3
-14.6666666666667 -5 -11.75 -14.8333333333333 2.4 2.4
-14.3333333333333 -4.33333333333333 -11.9166666666667 -18.0833333333333 2.4 2.4
-13.1666666666667 -3.66666666666667 -12.6666666666667 -16.3333333333333 2.4 2.4
-14 -4.66666666666667 -12.0833333333333 -13.8333333333333 2.4 2.4
-15.5833333333333 -4.66666666666667 -12.9166666666667 -15.1666666666667 2.4 2.4
-9.75 -6 -13.0833333333333 -14.5 2.4 2.4
-13.5833333333333 -3.66666666666667 -11.9166666666667 -13.6666666666667 2.4 2.4
-14.6666666666667 -4.66666666666667 -9.41666666666667 -17.1666666666667 2.4 2.4
-10.8333333333333 -3.66666666666667 -9.33333333333333 -13.0833333333333 2.4 2.4
-15.6666666666667 -3.66666666666667 -11 -15.75 2.4 2.4
-17.0365190473333 0 -23.1111 -20.0903225803333 2.5 2.5
-16.014285714 -0.4 -21.0666666666667 -20.1125559136667 2.5 2.5
-15.125385714 0 -23.4222333333333 -18.1792225803333 2.5 2.5
-15.1920523806667 0 -23.7111 -21.756989247 2.5 2.5
-16.2365190473333 0 -23.9222333333333 -18.0236559136667 2.5 2.5
-15.725385714 -0.0666666666666667 -22.7555666666667 -20.3347559136667 2.5 2.5
-15.0365190473333 0 -22.5333333333333 -19.356989247 2.5 2.5
-15.7698523806667 0 -23.6222333333333 -18.7347559136667 2.5 2.5
-15.303185714 0 -22.2 -20.868089247 2.5 2.5
-14.814285714 0 -24.0444333333333 -21.4014225803333 2.5 2.5
-9 -11.4444333333333 -22.2222333333333 -26.2222333333333 3.1 3.1
-11.4444333333333 -15.5555666666667 -19.4444333333333 -24.1111 3.1 3.1
-7.66666666666667 -10.6666666666667 -22.6666666666667 -24.3333333333333 3.1 3.1
-7.44443333333333 -14.2222333333333 -18.1111 -27 3.1 3.1
-9.66666666666667 -14.3333333333333 -16.8889 -25.4444333333333 3.1 3.1
-8.66666666666667 -10.6666666666667 -19 -26.5555666666667 3.1 3.1
-9.33333333333333 -16.5555666666667 -16.1111 -23.2222333333333 3.1 3.1
-8.66666666666667 -11.2222333333333 -18.7777666666667 -27.1111 3.1 3.1
-9.33333333333333 -11.8889 -18.3333333333333 -27.4444333333333 3.1 3.1
-8.77776666666667 -13.7777666666667 -19.3333333333333 -27.1111 3.1 3.1
-5.91666666666667 -10.8055666666667 -12.8611 -20.3611 3.2 3.2
-7.47223333333333 -13 -13.5555666666667 -19.1389 3.2 3.2
-7.1389 -12.0277666666667 -14.7222333333333 -20.3333333333333 3.2 3.2
-5.83333333333333 -13.1666666666667 -12.9722333333333 -19.9722333333333 3.2 3.2
-5.94443333333333 -11.8055666666667 -12.5277666666667 -20.1389 3.2 3.2
-8.16666666666667 -11.0555666666667 -14.9722333333333 -20.5833333333333 3.2 3.2
-6.8889 -11 -13.7777666666667 -20.25 3.2 3.2
-6.3611 -11.7777666666667 -13 -20.3055666666667 3.2 3.2
-6.94443333333333 -10.5277666666667 -14.4722333333333 -19.25 3.2 3.2
-5.80556666666667 -11 -15.6111 -20.8055666666667 3.2 3.2
-14.4444333333333 -5.27776666666667 -13.8611 -16.8611 3.3 3.3
-15.0277666666667 -6.55556666666667 -15.1666666666667 -17.5 3.3 3.3
-13.0833333333333 -6.6389 -14.6111 -17.3611 3.3 3.3
-13.8611 -5.6111 -13.8611 -19.6944333333333 3.3 3.3
-15.1389 -6.55556666666667 -14.3055666666667 -19.1389 3.3 3.3
-13.1666666666667 -5.52776666666667 -13.9166666666667 -17.3333333333333 3.3 3.3
-13.6389 -6 -14.3611 -18.4444333333333 3.3 3.3
-12.3889 -6.8611 -14.9722333333333 -16.8055666666667 3.3 3.3
-15.1111 -6.02776666666667 -15.0555666666667 -17.3055666666667 3.3 3.3
-11.9166666666667 -5.66666666666667 -13.3889 -17.8889 3.3 3.3
-13.1882716046667 -6.20370370366667 -4.714285714 -18.297008547 3.4 3.4
-12.271604938 -6.20370370366667 -5.714285714 -17.297008547 3.4 3.4
-14.5049382713333 -5.62037037033333 -5.04761904733333 -17.3803418803333 3.4 3.4
-12.271604938 -4.95370370366667 -6.04761904733333 -19.6303418803333 3.4 3.4
-12.371604938 -6.70370370366667 -4.78095238066667 -20.047008547 3.4 3.4
-12.8549382713333 -8.12037037033333 -5.13095238066667 -19.2136752136667 3.4 3.4
-13.3549382713333 -6.37037037033333 -4.714285714 -17.2136752136667 3.4 3.4
-12.0882716046667 -4.20370370366667 -4.38095238066667 -19.8803418803333 3.4 3.4
-13.9382716046667 -5.62037037033333 -4.54761904733333 -16.9636752136667 3.4 3.4
-10.9549382713333 -6.037037037 -5.614285714 -20.6303418803333 3.4 3.4
-19.6522522633333 -5.04207643066667 -21.8375150943333 -22.357383966 3.5 3.5
-19.59671893 -6.264309764 -20.8375150943333 -20.868483966 3.5 3.5
-19.4300522633333 -7.43097643066667 -21.6153150943333 -21.868483966 3.5 3.5
-20.59671893 -7.04207643066667 -19.4486484276667 -24.3907172993333 3.5 3.5
-18.8744855966667 -7.04207643066667 -20.6708484276667 -19.5351506326667 3.5 3.5
-18.7633855966667 -5.59764309733333 -20.6708484276667 -20.968483966 3.5 3.5
-19.31891893 -7.54207643066667 -19.8375150943333 -22.7018172993333 3.5 3.5
-20.2633855966667 -7.09764309733333 -20.1708484276667 -22.4240506326667 3.5 3.5
-20.2633855966667 -5.59764309733333 -20.3375150943333 -19.0018172993333 3.5 3.5
-21.1522522633333 -4.653209764 -18.8375150943333 -21.4796172993333 3.5 3.5
-14.212121212 -18 -17 -21.91 4.1 4.1
-11.9787878786667 -17.8333333333333 -17.0833333333333 -21.06 4.1 4.1
-12.602121212 -16.3333333333333 -19.9333333333333 -21.9406 4.1 4.1
-16.9787878786667 -18.3333333333333 -18.7666666666667 -19.7933333333333 4.1 4.1
-12.7287878786667 -15.8333333333333 -18.0833333333333 -21.2933333333333 4.1 4.1
-14.0454545453333 -17.0833333333333 -17.6666666666667 -20.8266666666667 4.1 4.1
-14.7287878786667 -15.75 -18 -21.3933333333333 4.1 4.1
-13.852121212 -13.8333333333333 -19.4333333333333 -22.7739333333333 4.1 4.1
-13.812121212 -16.75 -17.5166666666667 -19.96 4.1 4.1
-13.312121212 -20.1666666666667 -16.3333333333333 -20.3766666666667 4.1 4.1
-10.3400473683333 -13.0787148146667 -19.8537666666667 -14.8639 4.2 4.2
-12.784514035 -12.5564814813333 -19.5648666666667 -15.7305666666667 4.2 4.2
-12.8289473683333 -11.2898148146667 -20.2093 -15.975 4.2 4.2
-9.85118070166667 -11.8709148146667 -18.2315333333333 -15.9305666666667 4.2 4.2
-11.595614035 -11.423148148 -18.0537666666667 -15.0194333333333 4.2 4.2
-10.5622807016667 -11.3675814813333 -17.8759666666667 -15.0416666666667 4.2 4.2
-10.7178473683333 -10.9787148146667 -20.1871 -16.0194333333333 4.2 4.2
-10.4733807016667 -12.712048148 -21.0315333333333 -16.6861 4.2 4.2
-10.784514035 -12.0487148146667 -18.3648666666667 -16.8416666666667 4.2 4.2
-11.5289473683333 -12.023148148 -19.3204333333333 -14.9305666666667 4.2 4.2
-16.2393 -16.722222222 -13.704301075 -17.2407407406667 4.3 4.3
-15.0393 -15.8888888886667 -13.5376344083333 -20.7407407406667 4.3 4.3
-13.0726333333333 -14.5888888886667 -12.7876344083333 -18.2407407406667 4.3 4.3
-15.6393 -16.6388888886667 -12.0876344083333 -18.3407407406667 4.3 4.3
-13.3893 -16.6388888886667 -12.1209677416667 -21.8574074073333 4.3 4.3
-14.5726333333333 -15.5555555553333 -10.7876344083333 -16.4907407406667 4.3 4.3
-16.5393 -16.722222222 -13.204301075 -17.324074074 4.3 4.3
-13.9893 -16.172222222 -13.5376344083333 -17.2407407406667 4.3 4.3
-14.4726333333333 -17.1388888886667 -13.1709677416667 -19.7574074073333 4.3 4.3
-15.5559666666667 -14.3888888886667 -12.3709677416667 -17.024074074 4.3 4.3
-12.9219108106667 -12.0424 -7.31971761 -15.1313242423333 4.4 4.4
-12.3663774773333 -12.9035333333333 -10.56971761 -16.297990909 4.4 4.4
-13.394144144 -12.7090666666667 -8.62525094333333 -18.0757575756667 4.4 4.4
-11.9219108106667 -13.5424 -8.73638427666667 -15.7035242423333 4.4 4.4
-11.9274774773333 -13.5424 -9.09191761 -15.520190909 4.4 4.4
-13.533044144 -13.8757333333333 -9.23638427666667 -12.6313242423333 4.4 4.4
-13.394144144 -14.2646333333333 -9.29191761 -15.6313242423333 4.4 4.4
-13.3385774773333 -13.0979666666667 -7.54191761 -15.2424242423333 4.4 4.4
-11.3663774773333 -13.3202 -10.5141509433333 -15.8146575756667 4.4 4.4
-11.8719108106667 -14.7924 -8.61971761 -16.020190909 4.4 4.4
-16.9333333333333 -7.1778 -16.6222333333333 -18.0666666666667 4.5 4.5
-17.7111 -7.2 -17.0666666666667 -18 4.5 4.5
-18.0666666666667 -6.26666666666667 -17.7778 -17.9111333333333 4.5 4.5
-18.9333333333333 -6.7111 -17.1555333333333 -18.2222 4.5 4.5
-16.4222333333333 -5.35556666666667 -19.9555666666667 -21.0888666666667 4.5 4.5
-16.5333333333333 -5.7778 -15.5777666666667 -18.4666666666667 4.5 4.5
-16.0444333333333 -5.53333333333333 -15.3111 -20.7555666666667 4.5 4.5
-16.7111 -6.95556666666667 -18 -20.6444333333333 4.5 4.5
-17.2666666666667 -5.02223333333333 -18.1555333333333 -21.4222333333333 4.5 4.5
-16.4666666666667 -4.73333333333333 -17.5111 -19.6666666666667 4.5 4.5
-20.6666666666667 -15.8333333333333 -12.8333333333333 -20.3333333333333 5.1 5.1
-21 -18.1666666666667 -15.3333333333333 -21.3333333333333 5.1 5.1
-20.8333333333333 -18 -13.1666666666667 -19.8333333333333 5.1 5.1
-20 -15.6666666666667 -14.1666666666667 -20.6666666666667 5.1 5.1
-23 -19.5 -13.5 -21.8333333333333 5.1 5.1
-18.8333333333333 -16.5 -17.5 -20 5.1 5.1
-19.5 -18.1666666666667 -15.6666666666667 -18.6666666666667 5.1 5.1
-20.5 -18.8333333333333 -13.5 -19.5 5.1 5.1
-21.5 -21.3333333333333 -11.3333333333333 -21.8333333333333 5.1 5.1
-21.5 -17.1666666666667 -13.3333333333333 -21.3333333333333 5.1 5.1
-8.79125690233333 -16.103185714 -15.9589260866667 -17.1111 5.2 5.2
-10.557923569 -14.5476190473333 -15.2367260866667 -16.4444333333333 5.2 5.2
-9.29125690233333 -13.825385714 -16.07005942 -16.1111 5.2 5.2
-8.90235690233333 -14.9365190473333 -15.2367260866667 -16.9444333333333 5.2 5.2
-10.8467902356667 -16.3809523806667 -14.3478260866667 -17.8333333333333 5.2 5.2
-7.40235690233333 -13.714285714 -15.57005942 -16.2222333333333 5.2 5.2
-8.33569023566667 -15.325385714 -14.57005942 -17.4444333333333 5.2 5.2
-11.2912569023333 -14.214285714 -13.79225942 -18.1111 5.2 5.2
-10.0134569023333 -15.2698523806667 -14.29225942 -18.1666666666667 5.2 5.2
-9.40235690233333 -14.6587190473333 -14.57005942 -15.1666666666667 5.2 5.2
-13.8333333333333 -13.1666666666667 -10.6666666666667 -14.3333333333333 5.3 5.3
-17.5 -15 -10.5 -17.6666666666667 5.3 5.3
-18.3333333333333 -14.8333333333333 -11.6666666666667 -18 5.3 5.3
-19 -13 -10 -18.6666666666667 5.3 5.3
-16.8333333333333 -13.3333333333333 -12.1666666666667 -17.3333333333333 5.3 5.3
-19.3333333333333 -14 -11.3333333333333 -17.1666666666667 5.3 5.3
-17.5 -12 -10.1666666666667 -18.3333333333333 5.3 5.3
-18.5 -11 -11 -18.5 5.3 5.3
-17.1666666666667 -15.3333333333333 -12.1666666666667 -17.6666666666667 5.3 5.3
-15.5 -14.8333333333333 -10.1666666666667 -16 5.3 5.3
-18.2222333333333 -10.9777666666667 -9.5889 -14.1555666666667 5.4 5.4
-16.0222333333333 -10.7444333333333 -11.9222333333333 -17.4555666666667 5.4 5.4
-17.5555666666667 -11.5444333333333 -13.4889 -16.2222333333333 5.4 5.4
-17.9889 -10.4777666666667 -10.9889 -15.4222333333333 5.4 5.4
-15.3555666666667 -11.9444333333333 -12.0555666666667 -14.3222333333333 5.4 5.4
-17.828205128 -11.3619047616667 -13.4047619046667 -17.4625 5.4 5.4
-15.7615384613333 -10.395238095 -14.5047619046667 -18.0958333333333 5.4 5.4
-15.8615384613333 -10.3619047616667 -12.3047619046667 -15.9291666666667 5.4 5.4
-19.9615384613333 -10.8619047616667 -11.6047619046667 -15.7958333333333 5.4 5.4
-16.828205128 -10.3619047616667 -14.4047619046667 -14.3958333333333 5.4 5.4
-20.4444333333333 -15.8333333333333 -11.5555666666667 -14.5833333333333 5.5 5.5
-18.4722333333333 -12.5555666666667 -9.8889 -16.6389 5.5 5.5
-18.4444333333333 -15.4722333333333 -11.1666666666667 -12.8611 5.5 5.5
-17.9722333333333 -13.8333333333333 -12.4722333333333 -14.9444333333333 5.5 5.5
-19.3333333333333 -14.1666666666667 -12.1111 -17.6389 5.5 5.5
-18.25 -12.9722333333333 -14.3889 -15.5555666666667 5.5 5.5
-19.9444333333333 -14.9722333333333 -11.7777666666667 -15.1666666666667 5.5 5.5
-18.4166666666667 -13.3889 -12.3333333333333 -16.1666666666667 5.5 5.5
-18.6389 -13.4166666666667 -10.3611 -14.0555666666667 5.5 5.5
-17.9722333333333 -14.3333333333333 -11.0555666666667 -13.8333333333333 5.5 5.5
-20.5 -22 -17.8888666666667 -14.5555333333333 6.1 6.1
-18.6666666666667 -19.3889 -20.2777666666667 -16.3333333333333 6.1 6.1
-18.6666666666667 -20.5 -19.3333333333333 -15.1111 6.1 6.1
-20.7777666666667 -20.5 -18.6666666666667 -15 6.1 6.1
-22.0555333333333 -18.6666666666667 -20.4444333333333 -16.6111 6.1 6.1
-20.3333333333333 -17.8888666666667 -15.7778 -15.6666666666667 6.1 6.1
-21.0555333333333 -20.2778 -20.3888666666667 -15.5555666666667 6.1 6.1
-18.7222333333333 -19.1666666666667 -17.8333333333333 -17.2777666666667 6.1 6.1
-21.6666666666667 -18 -16.6666666666667 -16.1666666666667 6.1 6.1
-18.2222 -21.2777666666667 -18.6666666666667 -15 6.1 6.1
-14.1333333333333 -16.7166666666667 -14.4 -19.4333333333333 6.2 6.2
-14.4 -16.7833333333333 -15.7333333333333 -18.8 6.2 6.2
-14.3333333333333 -15.85 -16.8 -20.1333333333333 6.2 6.2
-14.6 -15.1833333333333 -15.7 -20.6 6.2 6.2
-15.1666666666667 -18.05 -15.4 -19.9 6.2 6.2
-14.9014492753333 -16.6 -13.9333333333333 -19.3029 6.2 6.2
-14.3014492753333 -19.2333333333333 -18.3 -17.8362333333333 6.2 6.2
-14.768115942 -18.3666666666667 -17.5333333333333 -18.4029 6.2 6.2
-14.3014492753333 -15.8 -16.2 -19.2029 6.2 6.2
-14.5014492753333 -16.7666666666667 -17.2 -18.1362333333333 6.2 6.2
-9.8889 -13.6111 -9.47223333333333 -17.3889 6.3 6.3
-8.91666666666667 -13.0277666666667 -10.6389 -19.5555666666667 6.3 6.3
-8.52776666666667 -14.0555666666667 -10.9166666666667 -19.3611 6.3 6.3
-9.47223333333333 -12.8611 -11.6111 -18.8333333333333 6.3 6.3
-11.5555666666667 -14.9722333333333 -11.7777666666667 -18.0833333333333 6.3 6.3
-9.3889 -13.8889 -10.7777666666667 -18.4444333333333 6.3 6.3
-10.1944333333333 -11.7777666666667 -9.25 -18.25 6.3 6.3
-9.6111 -12 -11.2777666666667 -17.8333333333333 6.3 6.3
-9.52776666666667 -13.8333333333333 -11.0833333333333 -17.6111 6.3 6.3
-9.22223333333333 -12.1666666666667 -11.1666666666667 -16.9166666666667 6.3 6.3
-11.5878787876667 -15.5814333333333 -17.4782608693333 -17.3239282483333 6.4 6.4
-14.921212121 -16.3592 -14.8115942026667 -18.101694915 6.4 6.4
-14.6989787876667 -16.6925333333333 -14.9226942026667 -17.5461282483333 6.4 6.4
-13.5656787876667 -16.0258666666667 -15.3671608693333 -18.6572615816667 6.4 6.4
-14.4767454543333 -16.4703 -14.5893608693333 -15.879494915 6.4 6.4
-11.699012121 -15.3592 -14.5893942026667 -16.7683615816667 6.4 6.4
-12.4767454543333 -13.8036333333333 -15.033827536 -17.212794915 6.4 6.4
-13.032312121 -14.4703 -14.0337942026667 -16.4350282483333 6.4 6.4
-13.5656454543333 -14.6925333333333 -16.8115942026667 -16.101694915 6.4 6.4
-14.3656787876667 -14.4703333333333 -15.7004608693333 -17.4350282483333 6.4 6.4
-24.537037037 -9.62643333333333 -12.8888888886667 -13.25 6.5 6.5
-20.7037037036667 -12.8764333333333 -13.6388888886667 -12.2833333333333 6.5 6.5
-20.8703703703333 -11.6931 -12.1388888886667 -14.1666666666667 6.5 6.5
-21.0203703703333 -10.0431 -13.4555555553333 -11.8333333333333 6.5 6.5
-24.037037037 -10.9597666666667 -12.3055555553333 -14.5106666666667 6.5 6.5
-22.037037037 -10.7931 -12.222222222 -12.6666666666667 6.5 6.5
-18.9537037036667 -11.5431 -14.972222222 -13.2 6.5 6.5
-25.037037037 -11.1097666666667 -11.222222222 -13.8333333333333 6.5 6.5
-21.6037037036667 -13.1264333333333 -11.7888888886667 -11.25 6.5 6.5
-23.1203703703333 -11.5431 -12.3888888886667 -12.4273333333333 6.5 6.5
-14.8333333333333 -18.5833333333333 -14.4166666666667 -15.5833333333333 7.1 7.1
-14.9166666666667 -20 -14.75 -14.9166666666667 7.1 7.1
-17.1666666666667 -20.75 -16.6666666666667 -17.3333333333333 7.1 7.1
-16.5833333333333 -21 -15.0833333333333 -17.5 7.1 7.1
-14.25 -19.75 -16.5833333333333 -16.8333333333333 7.1 7.1
-17.4166666666667 -20.9166666666667 -15.9166666666667 -15.9166666666667 7.1 7.1
-14.5 -21.3333333333333 -16.9166666666667 -15.75 7.1 7.1
-14.9166666666667 -21.25 -15.6666666666667 -16.3333333333333 7.1 7.1
-15.25 -19.8333333333333 -14.25 -15.0833333333333 7.1 7.1
-16.6666666666667 -20.9166666666667 -16.9166666666667 -16.9166666666667 7.1 7.1
-23.4377777776667 -15.8290333333333 -14.1849396623333 -7.74358974333333 7.2 7.2
-21.0488777776667 -17.4401666666667 -15.9627396623333 -9.24358974333333 7.2 7.2
-23.771111111 -18.4957 -13.851606329 -9.08025641 7.2 7.2
-24.0266777776667 -17.1623666666667 -12.751606329 -8.85192307666667 7.2 7.2
-22.160011111 -15.9957 -13.5960729956667 -10.41025641 7.2 7.2
-22.8266777776667 -16.4957 -12.4071729956667 -7.07692307666667 7.2 7.2
-24.2155444443333 -16.5512666666667 -15.129406329 -7.74358974333333 7.2 7.2
-23.3266777776667 -19.0512666666667 -16.240506329 -8.08025641 7.2 7.2
-24.6377777776667 -15.2735 -14.140506329 -7.57415641 7.2 7.2
-22.882211111 -14.9957 -9.81827299566667 -8.74358974333333 7.2 7.2
-24 -19.4166666666667 -7.91666666666667 -10.6666666666667 7.3 7.3
-22.6666666666667 -18.75 -8.83333333333333 -9.83333333333333 7.3 7.3
-22.4166666666667 -18.9166666666667 -8 -8.33333333333333 7.3 7.3
-25.1666666666667 -19.1666666666667 -8 -12.1666666666667 7.3 7.3
-23.0833333333333 -19.8333333333333 -7.75 -10.6666666666667 7.3 7.3
-22.8333333333333 -20.4166666666667 -12.0833333333333 -11.5 7.3 7.3
-23.3333333333333 -20.8333333333333 -9.08333333333333 -12.6666666666667 7.3 7.3
-20.75 -19.75 -9.33333333333333 -10.6666666666667 7.3 7.3
-22.4166666666667 -19.3333333333333 -9.66666666666667 -12.3333333333333 7.3 7.3
-19.9166666666667 -19 -8.25 -11 7.3 7.3
-22.6111 -14.2777666666667 -12.1666666666667 -14.9444333333333 7.4 7.4
-19.2777666666667 -11.5 -11.0555666666667 -13.5555666666667 7.4 7.4
-20.2222333333333 -13.1111 -10.8889 -14.0555666666667 7.4 7.4
-22.2777666666667 -15.3889 -9.66666666666667 -12.6111 7.4 7.4
-20.2222333333333 -15.7777666666667 -11.5555666666667 -11.6111 7.4 7.4
-17.3333333333333 -13.0555666666667 -7.33333333333333 -12.2777666666667 7.4 7.4
-19.6666666666667 -14.5555666666667 -12.3333333333333 -12.8333333333333 7.4 7.4
-20.6111 -13.3889 -11 -14.5 7.4 7.4
-25.7222333333333 -14.5 -10.1111 -12.3333333333333 7.4 7.4
-20.6666666666667 -12.5 -10.7222333333333 -14.1666666666667 7.4 7.4
-18.6519666666667 -16.1701877933333 -8.135964912 -15.390625 7.5 7.5
-19.8186333333333 -17.08685446 -6.385964912 -15.0572916666667 7.5 7.5
-19.2353 -16.6701877933333 -7.635964912 -15.9739583333333 7.5 7.5
-19.4019666666667 -16.6701877933333 -6.91929824533333 -16.7239583333333 7.5 7.5
-17.6519666666667 -16.1701877933333 -6.80263157866667 -14.390625 7.5 7.5
-17.6519666666667 -16.58685446 -6.385964912 -16.0572916666667 7.5 7.5
-17.8186333333333 -17.33685446 -7.05263157866667 -14.2239583333333 7.5 7.5
-18.5686333333333 -17.08685446 -8.80263157866667 -17.5572916666667 7.5 7.5
-18.0686333333333 -14.7535211266667 -7.75263157866667 -15.5572916666667 7.5 7.5
-17.9019666666667 -15.5035211266667 -6.96929824533333 -14.2239583333333 7.5 7.5
-25.1981 -17.1954022986667 -11.3786438593333 -5.87878787866667 8.1 8.1
-23.5314333333333 -18.528735632 -12.4897771926667 -7.434321212 8.1 8.1
-24.7536666666667 -16.6398689653333 -14.1564438593333 -7.47878787866667 8.1 8.1
-26.4203333333333 -16.6398689653333 -12.2675438593333 -5.712121212 8.1 8.1
-25.3092333333333 -19.3065022986667 -12.6008771926667 -8.323221212 8.1 8.1
-23.7536333333333 -19.1954022986667 -14.7119771926667 -8.54545454533333 8.1 8.1
-22.9759 -18.528735632 -12.3786438593333 -8.87878787866667 8.1 8.1
-25.1981 -17.528735632 -13.045310526 -8.58988787866667 8.1 8.1
-24.8647666666667 -17.417635632 -12.6008771926667 -7.712121212 8.1 8.1
-27.4203 -19.4176022986667 -12.2675438593333 -5.65658787866667 8.1 8.1
-11.2425036033333 -21.8426 -10.8883647796667 -7.29165555533333 8.2 8.2
-10.63137027 -19.0926 -11.6939314463333 -9.29165555533333 8.2 8.2
-14.6036036033333 -20.5370333333333 -12.6994647796667 -8.06945555533333 8.2 8.2
-11.1036036033333 -20.6203666666667 -10.4994647796667 -8.06945555533333 8.2 8.2
-12.4925036033333 -20.4537 -10.0550314463333 -7.958322222 8.2 8.2
-10.9647036033333 -19.0370333333333 -10.471698113 -8.51388888866667 8.2 8.2
-11.77027027 -20.9537 -10.221698113 -7.736122222 8.2 8.2
-11.7147036033333 -21.2037 -12.032798113 -7.18055555533333 8.2 8.2
-12.6869369366667 -18.8703666666667 -11.0272647796667 -7.736122222 8.2 8.2
-10.9369369366667 -19.4537 -10.9161314463333 -6.62498888866667 8.2 8.2
-15.0026343913333 -17.3535333333333 -7.75 -11.4936619046667 8.3 8.3
-11.669301058 -17.0202 -11.75 -7.99366190466667 8.3 8.3
-12.447101058 -15.6868666666667 -11.1944333333333 -8.638095238 8.3 8.3
-17.458201058 -17.5757666666667 -10.6389 -8.16032857133333 8.3 8.3
-12.047101058 -16.7979666666667 -12.4166666666667 -10.438095238 8.3 8.3
-14.947101058 -16.9646333333333 -8.75 -8.99366190466667 8.3 8.3
-12.669301058 -16.6868666666667 -10.1944333333333 -10.049195238 8.3 8.3
-11.058201058 -16.8535333333333 -9.25 -7.638095238 8.3 8.3
-12.5137677246667 -16.7424333333333 -8.30556666666667 -8.16032857133333 8.3 8.3
-11.9915343913333 -19.7424333333333 -8.19443333333333 -10.2158619046667 8.3 8.3
-10.3333333333333 -11.1508047616667 -4.476201587 -13.6328724636667 8.4 8.4
-8.55556666666667 -12.595238095 -5.25396825366667 -13.6328391303333 8.4 8.4
-12.3333333333333 -13.9285714283333 -4.476201587 -11.4106391303333 8.4 8.4
-9.26666666666667 -12.695238095 -4.53173492033333 -10.6328391303333 8.4 8.4
-10.7 -13.2619047616667 -5.476201587 -12.9550724636667 8.4 8.4
-9.66666666666667 -13.1508047616667 -4.92063492033333 -11.7439724636667 8.4 8.4
-8 -12.1508047616667 -4.14286825366667 -13.188405797 8.4 8.4
-11.1111 -13.8174714283333 -6.14283492033333 -13.7439724636667 8.4 8.4
-9.15556666666667 -13.9174714283333 -4.75396825366667 -12.188405797 8.4 8.4
-10.3666666666667 -14.706338095 -5.36506825366667 -13.3995391303333 8.4 8.4
-15.7950333333333 -16.0611814343333 -5.758865248 -8.28791208766667 8.5 8.5
-16.3617 -18.0945147676667 -2.258865248 -9.021245421 8.5 8.5
-16.1950333333333 -19.227848101 -6.82553191466667 -7.08791208766667 8.5 8.5
-17.6617 -17.8945147676667 -7.92553191466667 -9.78791208766667 8.5 8.5
-17.0617 -17.8611814343333 -7.59219858133333 -8.98791208766667 8.5 8.5
-14.8617 -16.427848101 -5.92553191466667 -7.58791208766667 8.5 8.5
-16.0617 -16.027848101 -4.09219858133333 -8.65457875433333 8.5 8.5
-16.3283666666667 -17.6945147676667 -7.658865248 -8.48791208766667 8.5 8.5
-16.5950333333333 -18.3611814343333 -5.858865248 -9.08791208766667 8.5 8.5
-15.0283666666667 -18.4611814343333 -5.09219858133333 -8.28791208766667 8.5 8.5
-23.1897333333333 -16.0746923496667 -16.6555666666667 -4.34202898533333 9.1 9.1
-22.5897333333333 -17.0524590163333 -19.2111 -5.319795652 9.1 9.1
-24.6119666666667 -16.430225683 -17.4244333333333 -4.23092898533333 9.1 9.1
-25.1675333333333 -14.6524590163333 -17.1444333333333 -6.63092898533333 9.1 9.1
-24.6342 -14.408025683 -15.6111 -6.07536231866667 9.1 9.1
-24.1897333333333 -16.408025683 -16.6777666666667 -4.56426231866667 9.1 9.1
-24.1230666666667 -15.430225683 -15.7444333333333 -4.74202898533333 9.1 9.1
-24.9230666666667 -14.9413590163333 -17.2244333333333 -4.65312898533333 9.1 9.1
-25.1897333333333 -14.7413590163333 -15.6555666666667 -4.83092898533333 9.1 9.1
-24.9008666666667 -15.1413590163333 -16.1666666666667 -5.897595652 9.1 9.1
-21.5166666666667 -15.9035 -12.9731182793333 -3.611111111 9.2 9.2
-22.6833333333333 -18.7368333333333 -12.639784946 -3.111111111 9.2 9.2
-18.8833333333333 -12.9035 -12.3064516126667 -3.27777777766667 9.2 9.2
-23.225 -16.0701666666667 -12.139784946 -3.84444444433333 9.2 9.2
-22.35 -15.7368333333333 -15.139784946 -2.44444444433333 9.2 9.2
-21.5166666666667 -14.4035 -11.8064516126667 -4.27777777766667 9.2 9.2
-23.0166666666667 -16.5701666666667 -11.639784946 -4.77777777766667 9.2 9.2
-21.2166666666667 -15.2368333333333 -14.9731182793333 -6.27777777766667 9.2 9.2
-24.225 -16.9035 -11.139784946 -2.511111111 9.2 9.2
-25.85 -17.7368333333333 -15.3064516126667 -3.94444444433333 9.2 9.2
-12.43852459 -1.06816666666667 -13.5154320986667 -6.43115942 9.3 9.3
-11.8551912566667 -1.06816666666667 -10.5154320986667 -5.18115942 9.3 9.3
-10.5218579233333 -1.31816666666667 -14.7654320986667 -7.68115942 9.3 9.3
-12.2051912566667 -3.31816666666667 -12.998765432 -7.01449275333333 9.3 9.3
-11.5218579233333 -2.9015 -14.1820987653333 -6.27449275333333 9.3 9.3
-12.7718579233333 -1.9015 -12.848765432 -4.01449275333333 9.3 9.3
-13.7718579233333 -0.734833333333333 -13.348765432 -5.76449275333333 9.3 9.3
-12.43852459 -4.1515 -11.7654320986667 -4.01449275333333 9.3 9.3
-13.53852459 -5.48483333333333 -12.0820987653333 -6.68115942 9.3 9.3
-11.43852459 -1.56816666666667 -13.598765432 -3.10782608666667 9.3 9.3
-14.9941002946667 -15.2878666666667 -7.274074074 -10.2564102563333 9.4 9.4
-13.6607669613333 -17.4545333333333 -6.774074074 -14.5897435896667 9.4 9.4
-13.6607669613333 -17.2878666666667 -7.174074074 -6.423076923 9.4 9.4
-13.6607669613333 -16.7878666666667 -8.10740740733333 -11.0897435896667 9.4 9.4
-12.6941002946667 -15.4545333333333 -7.274074074 -12.423076923 9.4 9.4
-11.6607669613333 -16.6212 -7.60740740733333 -13.0897435896667 9.4 9.4
-11.9941002946667 -16.4545333333333 -6.44074074066667 -13.423076923 9.4 9.4
-14.4941002946667 -17.2878666666667 -7.50740740733333 -12.2564102563333 9.4 9.4
-12.6607669613333 -16.1212 -7.94074074066667 -12.2564102563333 9.4 9.4
-11.3607669613333 -15.4545333333333 -6.94074074066667 -10.5897435896667 9.4 9.4
-13.6666666666667 -19.6666666666667 -5.16666666666667 -8.66666666666667 9.5 9.5
-12.6666666666667 -20 -6 -7.16666666666667 9.5 9.5
-13 -18.5 -5 -7.33333333333333 9.5 9.5
-14.1666666666667 -21 -6.5 -9.33333333333333 9.5 9.5
-13 -18 -6.16666666666667 -9.16666666666667 9.5 9.5
-14.5 -20.1666666666667 -3.66666666666667 -7.16666666666667 9.5 9.5
-13.5 -19.1666666666667 -7.5 -12.3333333333333 9.5 9.5
-16 -19.3333333333333 -4.16666666666667 -9.66666666666667 9.5 9.5
-13.1666666666667 -18.3333333333333 -3.16666666666667 -7.33333333333333 9.5 9.5
-15.5 -20 -6.16666666666667 -7.33333333333333 9.5 9.5
-21.5061728393333 -21.9285666666667 -16.1128205126667 4.34976525833333 10.1 10.1
-23.0061728393333 -22.3619 -16.7794871793333 0.849765258333333 10.1 10.1
-20.8395061726667 -22.2619 -15.846153846 0.649765258333333 10.1 10.1
-25.0061728393333 -20.2619 -15.8794871793333 1.84976525833333 10.1 10.1
-24.8395061726667 -22.0952333333333 -16.1128205126667 2.58309859166667 10.1 10.1
-25.172839506 -22.0952333333333 -16.7794871793333 3.34976525833333 10.1 10.1
-26.3395061726667 -23.1952333333333 -14.7794871793333 0.683098591666667 10.1 10.1
-23.172839506 -25.2619 -12.846153846 -0.0169014083333333 10.1 10.1
-22.5061728393333 -24.5952333333333 -16.046153846 0.016431925 10.1 10.1
-25.5061728393333 -21.2619 -16.446153846 -0.083568075 10.1 10.1
-19.686419753 -22.2 -10.9896666666667 -5.8 10.2 10.2
-18.2530864196667 -21.7 -13.4896666666667 -8.3 10.2 10.2
-20.4197530863333 -20.6333333333333 -11.323 -5.96666666666667 10.2 10.2
-20.7530864196667 -22.8666666666667 -11.4896666666667 -8.33333333333333 10.2 10.2
-20.886419753 -23.0333333333333 -11.9896666666667 -6.3 10.2 10.2
-19.0197530863333 -21.0333333333333 -9.65633333333333 -6.96666666666667 10.2 10.2
-17.2530864196667 -21.7 -12.323 -7.63333333333333 10.2 10.2
-19.4197530863333 -20.6333333333333 -9.65633333333333 -7.13333333333333 10.2 10.2
-20.4197530863333 -22.7 -10.823 -7.5 10.2 10.2
-19.886419753 -21.2 -10.6563333333333 -7.8 10.2 10.2
-20.960306349 -16.7465166666667 -7.99538148133333 -7.44063333333333 10.3 10.3
-19.738106349 -20.0243166666667 -9.60648148133333 -9.66283333333333 10.3 10.3
-21.960306349 -17.3020833333333 -7.69538148133333 -10.7184 10.3 10.3
-21.0158730156667 -16.3020833333333 -6.60648148133333 -9.05173333333333 10.3 10.3
-21.760306349 -16.8909833333333 -7.884248148 -4.99616666666667 10.3 10.3
-20.849206349 -20.8020833333333 -9.49538148133333 -6.66283333333333 10.3 10.3
-21.9047730156667 -17.0243166666667 -8.662048148 -10.2739666666667 10.3 10.3
-19.5158730156667 -17.07985 -9.52871481466667 -8.27396666666667 10.3 10.3
-19.9047730156667 -15.9131833333333 -9.162048148 -7.16283333333333 10.3 10.3
-20.149206349 -18.16875 -7.384248148 -6.8295 10.3 10.3
-15.43875502 -17.9846153843333 -1.903594771 -6.1852 10.4 10.4
-14.7720883533333 -18.0679487176667 -1.103594771 -5.85186666666667 10.4 10.4
-15.6054216866667 -17.3179487176667 -1.32026143766667 -6.01853333333333 10.4 10.4
-14.3554216866667 -19.5679487176667 -2.07026143766667 -5.85186666666667 10.4 10.4
-14.5220883533333 -17.7679487176667 -1.32026143766667 -5.4352 10.4 10.4
-15.6054216866667 -18.2346153843333 -1.653594771 -4.85186666666667 10.4 10.4
-14.6054216866667 -17.5679487176667 -1.77026143766667 -5.01853333333333 10.4 10.4
-13.18875502 -16.401282051 -1.153594771 -4.26853333333333 10.4 10.4
-14.2720883533333 -19.151282051 -0.820261437666667 -5.60186666666667 10.4 10.4
-14.8554216866667 -17.4346153843333 -0.903594771 -5.76853333333333 10.4 10.4
-18.5308 -21.6637315786667 0 -8.914130303 10.5 10.5
-17.6141333333333 -22.3026315786667 -0.333333333333333 -11.803030303 10.5 10.5
-17.8919 -22.7192982453333 -0.166666666666667 -9.553030303 10.5 10.5
-18.5863333333333 -23.1637315786667 0 -11.2196969696667 10.5 10.5
-17.4474666666667 -22.135964912 0 -8.71969696966667 10.5 10.5
-18.753 -24.024864912 0 -10.3863636363333 10.5 10.5
-16.6141333333333 -20.8026315786667 -0.333333333333333 -10.3307969696667 10.5 10.5
-16.5308 -22.6637315786667 -0.166666666666667 -9.77526363633333 10.5 10.5
-17.1974666666667 -22.8581982453333 0 -10.2752636363333 10.5 10.5
-15.7808 -22.0803982453333 0 -12.164130303 10.5 10.5
