0 -11.8333333333333 -15.8333333333333 -27.8333333333333 -8.83333333333333 -9.68253333333333 1.1
0 -10.3333333333333 -14.1666666666667 -26.5 -9.92063333333333 -9.64283333333333 1.1
0 -10.6666666666667 -17.8333333333333 -29 -10.3650666666667 -10.9762 1.1
0 -12.1666666666667 -14.3333333333333 -27.6666666666667 -10.5793666666667 -10.6825333333333 1.1
0 -10.1666666666667 -16.3333333333333 -27.5 -8.4206 -11.3095 1.1
0 -12.6666666666667 -18.5 -23.6666666666667 -8.6746 -10.1746 1.1
0 -10.3333333333333 -18.5 -28.8333333333333 -10.6666666666667 -11.0238 1.1
0 -8.66666666666667 -16.3333333333333 -27.8333333333333 -11.1984333333333 -9.11903333333333 1.1
0 -9.83333333333333 -17.3333333333333 -26 -9.373 -11 1.1
0 -10.5 -17 -27 -9.67463333333333 -11.0634666666667 1.1
-3.83333333333333 -6.1111 -19.1666666666667 -18.1666666666667 -8.625 -9.61706666666667 1.2
-4.44443333333333 -6.72223333333333 -18.6111 -19.9444333333333 -8.18056666666667 -9.19046666666667 1.2
-4.2222 -7.55556666666667 -16.8889 -21.1111 -7.29563333333333 -9.35513333333333 1.2
-3.33333333333333 -7.05556666666667 -19.6666666666667 -20.3333333333333 -7.30953333333333 -9.2857 1.2
-4.1111 -6.8889 -18.2222333333333 -20.3333333333333 -8.28373333333333 -9.2619 1.2
-3.2222 -7.5 -18.5 -19.0555666666667 -7.56943333333333 -9.06346666666667 1.2
-4.5 -6.5 -17.5 -20.8333333333333 -8.3651 -9.7718 1.2
-4 -6.44443333333333 -19.2777666666667 -19.6111 -8.01986666666667 -9.06153333333333 1.2
-3.44443333333333 -6.16666666666667 -20.8333333333333 -20.9444333333333 -8.54763333333333 -8.47023333333333 1.2
-3.6111 -7.22223333333333 -18.0555333333333 -21.2777666666667 -7.3849 -8.60713333333333 1.2
-7.10264589366667 -1.99921746 -19.618426007 -20.1 -10.0222333333333 -12.8127 1.3
-8.24154589366667 -2.98808412666667 -21.4795593403333 -18.9055666666667 -13.3873 -12.3571333333333 1.3
-7.685979227 -1.21031746 -21.9795593403333 -22.1555743333333 -11.2809666666667 -14.8904666666667 1.3
-7.99154589366667 -1.81031746 -17.696226007 -19.5444333333333 -9.85713333333333 -13.3952333333333 1.3
-7.51931256033333 -1.65475079333333 -20.118426007 -21.4889 -10.9063333333333 -13.2793666666667 1.3
-8.324879227 -1.33255079333333 -20.2017593403333 -20.7111 -11.8063333333333 -13.6523666666667 1.3
-9.10264589366667 -1.87698412666667 -21.646226007 -20.6833333333333 -10.4698666666667 -11.8111 1.3
-8.15821256033333 -1.76588412666667 -20.2017593403333 -20.9055743333333 -12.5508 -12.7032 1.3
-6.63044589366667 -1.36588412666667 -20.2795593403333 -19.5166666666667 -11.4968 -13.1 1.3
-7.824879227 -1.98808412666667 -19.2017593403333 -19.6 -12.6920666666667 -11.9285666666667 1.3
-7.66666666666667 0.0833333333333333 -13.1111 -14.3055666666667 -10.1071666666667 -14.7143 1.4
-8 0.666666666666667 -15.3333333333333 -13.4166666666667 -9.75 -13.4881 1.4
-8.27776666666667 0 -12.8889 -13.0555666666667 -9.16666666666667 -11.6786 1.4
-9.19443333333333 0.25 -14.3333333333333 -15.6389 -10.3571666666667 -13.5714333333333 1.4
-8.41666666666667 0 -13.1944333333333 -14 -9.9524 -14.3571333333333 1.4
-8.47223333333333 0.166666666666667 -14.1944333333333 -15.5833333333333 -9.2976 -13.1071666666667 1.4
-8.80556666666667 0.166666666666667 -13.3333333333333 -14.1666666666667 -10.0476 -14.4166666666667 1.4
-6.58333333333333 0 -14.0277666666667 -13.3611 -10.0595333333333 -14.4285666666667 1.4
-7.58333333333333 0.0833333333333333 -15.6111 -15.6389 -9.58333333333333 -14.6190333333333 1.4
-8.22223333333333 0.0833333333333333 -12.8333333333333 -13.9722333333333 -9.32143333333333 -13.6547666666667 1.4
-9.462585034 8.36206896533333 -18.8333333333333 -16.7058823526667 -7.36906666666667 -11.8571333333333 1.5
-11.1959183673333 4.25096896533333 -19.9444666666667 -18.2614490193333 -6.94046666666667 -12.6785666666667 1.5
-8.662585034 3.80650229866667 -19.0555666666667 -16.5947823526667 -7.3631 -12.4940333333333 1.5
-10.0181517006667 8.139835632 -18.6111333333333 -15.928115686 -6.66666666666667 -11.625 1.5
-9.79591836733333 2.69540229866667 -19.6111333333333 -17.039215686 -6.8631 -11.4821333333333 1.5
-13.7959183673333 9.69540229866667 -22.7222333333333 -20.4836490193333 -6.16073333333333 -12.2797666666667 1.5
-10.6403517006667 10.4731689653333 -22.2778 -17.928115686 -7.45833333333333 -12.0595333333333 1.5
-11.4403517006667 7.58430229866667 -21.7222333333333 -18.3725490193333 -6.58333333333333 -12.9524 1.5
-12.462585034 3.028735632 -21.5 -18.5947823526667 -6.82736666666667 -13.2381 1.5
-9.68481836733333 6.80650229866667 -19.3889 -17.7058823526667 -5.69046666666667 -12.1666666666667 1.5
-10.1555666666667 -15.6444333333333 -13.4889 -22.3333333333333 -9.2143 -12.5 2.1
-10.2444333333333 -16.3778 -12.7777666666667 -22.8444333333333 -9.76786666666667 -12.6131 2.1
-9.68886666666667 -16.6666666666667 -12.7778 -23.8889 -8.75596666666667 -12.7678666666667 2.1
-9.75556666666667 -15.0444333333333 -13.1555333333333 -21.8444333333333 -8.89286666666667 -13.2440333333333 2.1
-10.4222333333333 -16.5555666666667 -12.1555333333333 -23.2888666666667 -7.8988 -11.7619 2.1
-10.3333333333333 -16.6222333333333 -13.8889 -22.6222333333333 -8.8869 -11.7440333333333 2.1
-9.73333333333333 -16.3333333333333 -14.7333333333333 -21.5333333333333 -8.43453333333333 -13.0297666666667 2.1
-9.33333333333333 -16.7555333333333 -14.1555666666667 -22.9777666666667 -8.2619 -13.25 2.1
-8.88886666666667 -16.0222333333333 -12.5777666666667 -23.8444333333333 -8.76786666666667 -12.1547666666667 2.1
-10.3778 -16.8 -12.7111 -22.0666666666667 -7.99403333333333 -12.2976333333333 2.1
-6.56665555533333 -7.54699743566667 -11.780372868 -23.3472333333333 -5.22616666666667 -11.3214 2.2
-6.89998888866667 -7.93589743566667 -12.891472868 -20.8472333333333 -6 -10.4166666666667 2.2
-4.56665555533333 -5.99146410233333 -13.3359062013333 -22.0694333333333 -5.57143333333333 -10.9761666666667 2.2
-5.89998888866667 -7.93589743566667 -12.3359062013333 -22.325 -5.82143333333333 -11.7976333333333 2.2
-6.56665555533333 -8.269230769 -12.502572868 -22.3472333333333 -5.38096666666667 -9.7381 2.2
-5.34445555533333 -8.04699743566667 -13.6692395346667 -21.1805666666667 -5.83333333333333 -10.6666666666667 2.2
-5.011122222 -6.49146410233333 -12.1137062013333 -22.125 -5.9881 -10.6309666666667 2.2
-7.39998888866667 -7.04699743566667 -11.002572868 -21.1805666666667 -5.79763333333333 -9.83333333333333 2.2
-7.28888888866667 -8.54699743566667 -13.8359062013333 -21.6583333333333 -5.20236666666667 -11.5 2.2
-4.89998888866667 -5.158130769 -13.6137062013333 -21.7916666666667 -5.7738 -9.77383333333333 2.2
-8.778908219 -11.133322222 -17.7666555553333 -20.9047619046667 -3.9127 -14.1746 2.3
-9.306708219 -9.91665555533333 -18.4277888886667 -23.4825285713333 -3.23013333333333 -15.4127333333333 2.3
-8.33447488566667 -9.083322222 -17.322222222 -21.288095238 -3.33333333333333 -14.3174666666667 2.3
-9.22337488566667 -9.44445555533333 -17.3499888886667 -23.1103285713333 -3.66666666666667 -13.9444333333333 2.3
-7.64004155233333 -10.1666555553333 -16.6555555553333 -20.9936619046667 -3.22223333333333 -14.6825 2.3
-8.69557488566667 -8.41665555533333 -15.7944555553333 -22.7158619046667 -3.5873 -14.6428666666667 2.3
-10.1122415523333 -13.1388888886667 -16.6499888886667 -21.2603285713333 -4.93653333333333 -14.8571333333333 2.3
-9.08447488566667 -10.6944555553333 -16.683322222 -20.9825285713333 -4.01586666666667 -14.3651 2.3
-10.167808219 -9.88888888866667 -16.961122222 -23.9158619046667 -3.25393333333333 -14.0317666666667 2.3
-9.36224155233333 -9.222222222 -17.433322222 -22.3547619046667 -3.3254 -14.4365 2.3
-14.6666666666667 -5 -11.75 -14.8333333333333 -7.39813333333333 -6.42593333333333 2.4
-14.3333333333333 -4.33333333333333 -11.9166666666667 -18.0833333333333 -7.36573333333333 -7.08333333333333 2.4
-13.1666666666667 -3.66666666666667 -12.6666666666667 -16.3333333333333 -7.90276666666667 -7.8611 2.4
-14 -4.66666666666667 -12.0833333333333 -13.8333333333333 -8.2639 -7.1389 2.4
-15.5833333333333 -4.66666666666667 -12.9166666666667 -15.1666666666667 -7.60646666666667 -7.5463 2.4
-9.75 -6 -13.0833333333333 -14.5 -7.80093333333333 -6.64353333333333 2.4
-13.5833333333333 -3.66666666666667 -11.9166666666667 -13.6666666666667 -6.99073333333333 -7.15276666666667 2.4
-14.6666666666667 -4.66666666666667 -9.41666666666667 -17.1666666666667 -7.5324 -7.43056666666667 2.4
-10.8333333333333 -3.66666666666667 -9.33333333333333 -13.0833333333333 -8.3148 -6.90276666666667 2.4
-15.6666666666667 -3.66666666666667 -11 -15.75 -7.97686666666667 -6.54166666666667 2.4
-17.0365190473333 0 -23.1111 -20.0903225803333 -8.14286666666667 -10.8571666666667 2.5
-16.014285714 -0.4 -21.0666666666667 -20.1125559136667 -6.38096666666667 -10.4286 2.5
-15.125385714 0 -23.4222333333333 -18.1792225803333 -5.90476666666667 -10.6190333333333 2.5
-15.1920523806667 0 -23.7111 -21.756989247 -7.5238 -10.8571333333333 2.5
-16.2365190473333 0 -23.9222333333333 -18.0236559136667 -6.33333333333333 -10.5238 2.5
-15.725385714 -0.0666666666666667 -22.7555666666667 -20.3347559136667 -7.19046666666667 -11.2380666666667 2.5
-15.0365190473333 0 -22.5333333333333 -19.356989247 -5.52383333333333 -8.9524 2.5
-15.7698523806667 0 -23.6222333333333 -18.7347559136667 -6.66666666666667 -10.8095333333333 2.5
-15.303185714 0 -22.2 -20.868089247 -6.57143333333333 -11.0476333333333 2.5
-14.814285714 0 -24.0444333333333 -21.4014225803333 -7.5238 -10.3809666666667 2.5
-9 -11.4444333333333 -22.2222333333333 -26.2222333333333 -5.04763333333333 -11.3809333333333 3.1
-11.4444333333333 -15.5555666666667 -19.4444333333333 -24.1111 -5.80953333333333 -11.2380666666667 3.1
-7.66666666666667 -10.6666666666667 -22.6666666666667 -24.3333333333333 -5.33333333333333 -11.1905 3.1
-7.44443333333333 -14.2222333333333 -18.1111 -27 -4.33333333333333 -11.8095333333333 3.1
-9.66666666666667 -14.3333333333333 -16.8889 -25.4444333333333 -4.4762 -11.2857 3.1
-8.66666666666667 -10.6666666666667 -19 -26.5555666666667 -4.95236666666667 -11.8571666666667 3.1
-9.33333333333333 -16.5555666666667 -16.1111 -23.2222333333333 -4.7619 -12.2857 3.1
-8.66666666666667 -11.2222333333333 -18.7777666666667 -27.1111 -4.6667 -11.7142666666667 3.1
-9.33333333333333 -11.8889 -18.3333333333333 -27.4444333333333 -5.09523333333333 -11.5238333333333 3.1
-8.77776666666667 -13.7777666666667 -19.3333333333333 -27.1111 -5.14283333333333 -11.6666666666667 3.1
-5.91666666666667 -10.8055666666667 -12.8611 -20.3611 -0.952366666666667 -8.51193333333333 3.2
-7.47223333333333 -13 -13.5555666666667 -19.1389 -0.803566666666667 -8.6012 3.2
-7.1389 -12.0277666666667 -14.7222333333333 -20.3333333333333 -0.7619 -9.1845 3.2
-5.83333333333333 -13.1666666666667 -12.9722333333333 -19.9722333333333 -0.809533333333333 -8.32143333333333 3.2
-5.94443333333333 -11.8055666666667 -12.5277666666667 -20.1389 -0.702366666666667 -8.79166666666667 3.2
-8.16666666666667 -11.0555666666667 -14.9722333333333 -20.5833333333333 -1.0476 -8.29166666666667 3.2
-6.8889 -11 -13.7777666666667 -20.25 -0.934533333333333 -9.13693333333333 3.2
-6.3611 -11.7777666666667 -13 -20.3055666666667 -0.5238 -8.3155 3.2
-6.94443333333333 -10.5277666666667 -14.4722333333333 -19.25 -0.892866666666667 -8.91666666666667 3.2
-5.80556666666667 -11 -15.6111 -20.8055666666667 -0.666666666666667 -8.35716666666667 3.2
-14.4444333333333 -5.27776666666667 -13.8611 -16.8611 -1.19046666666667 -12.6428666666667 3.3
-15.0277666666667 -6.55556666666667 -15.1666666666667 -17.5 -1.57143333333333 -12.6666666666667 3.3
-13.0833333333333 -6.6389 -14.6111 -17.3611 -1.66666666666667 -12.6746333333333 3.3
-13.8611 -5.6111 -13.8611 -19.6944333333333 -1.4762 -11.9603 3.3
-15.1389 -6.55556666666667 -14.3055666666667 -19.1389 -0.952366666666667 -13.9047333333333 3.3
-13.1666666666667 -5.52776666666667 -13.9166666666667 -17.3333333333333 -0.769866666666667 -12.3492 3.3
-13.6389 -6 -14.3611 -18.4444333333333 -1.5238 -12.0952333333333 3.3
-12.3889 -6.8611 -14.9722333333333 -16.8055666666667 -1.85716666666667 -13 3.3
-15.1111 -6.02776666666667 -15.0555666666667 -17.3055666666667 -1.2381 -11.0238 3.3
-11.9166666666667 -5.66666666666667 -13.3889 -17.8889 -0.380966666666667 -12.7380666666667 3.3
-13.1882716046667 -6.20370370366667 -4.714285714 -18.297008547 -3.72023333333333 -6.05356666666667 3.4
-12.271604938 -6.20370370366667 -5.714285714 -17.297008547 -2.71426666666667 -7.89286666666667 3.4
-14.5049382713333 -5.62037037033333 -5.04761904733333 -17.3803418803333 -2.6905 -6.95833333333333 3.4
-12.271604938 -4.95370370366667 -6.04761904733333 -19.6303418803333 -3.59523333333333 -7.18453333333333 3.4
-12.371604938 -6.70370370366667 -4.78095238066667 -20.047008547 -4.16666666666667 -7.75 3.4
-12.8549382713333 -8.12037037033333 -5.13095238066667 -19.2136752136667 -2.64883333333333 -7.3631 3.4
-13.3549382713333 -6.37037037033333 -4.714285714 -17.2136752136667 -4.1131 -6.0893 3.4
-12.0882716046667 -4.20370370366667 -4.38095238066667 -19.8803418803333 -2.56546666666667 -6.71426666666667 3.4
-13.9382716046667 -5.62037037033333 -4.54761904733333 -16.9636752136667 -2.5 -7.0238 3.4
-10.9549382713333 -6.037037037 -5.614285714 -20.6303418803333 -3.66666666666667 -6.91666666666667 3.4
-19.6522522633333 -5.04207643066667 -21.8375150943333 -22.357383966 -3.42856666666667 -13.0476333333333 3.5
-19.59671893 -6.264309764 -20.8375150943333 -20.868483966 -2.5714 -12.0952333333333 3.5
-19.4300522633333 -7.43097643066667 -21.6153150943333 -21.868483966 -3.14286666666667 -12.7619333333333 3.5
-20.59671893 -7.04207643066667 -19.4486484276667 -24.3907172993333 -3.5238 -11.9047333333333 3.5
-18.8744855966667 -7.04207643066667 -20.6708484276667 -19.5351506326667 -3.61906666666667 -11.7619333333333 3.5
-18.7633855966667 -5.59764309733333 -20.6708484276667 -20.968483966 -4 -13.8095333333333 3.5
-19.31891893 -7.54207643066667 -19.8375150943333 -22.7018172993333 -3.3333 -13.9047666666667 3.5
-20.2633855966667 -7.09764309733333 -20.1708484276667 -22.4240506326667 -3.28573333333333 -11.3333333333333 3.5
-20.2633855966667 -5.59764309733333 -20.3375150943333 -19.0018172993333 -3.0476 -13.0476333333333 3.5
-21.1522522633333 -4.653209764 -18.8375150943333 -21.4796172993333 -4.66666666666667 -12.2381 3.5
-14.212121212 -18 -17 -21.91 -6.24206666666667 -11.9404666666667 4.1
-11.9787878786667 -17.8333333333333 -17.0833333333333 -21.06 -6.79763333333333 -12.9960333333333 4.1
-12.602121212 -16.3333333333333 -19.9333333333333 -21.9406 -6.6389 -13.0436666666667 4.1
-16.9787878786667 -18.3333333333333 -18.7666666666667 -19.7933333333333 -6.5139 -11.873 4.1
-12.7287878786667 -15.8333333333333 -18.0833333333333 -21.2933333333333 -7.04763333333333 -13.0694333333333 4.1
-14.0454545453333 -17.0833333333333 -17.6666666666667 -20.8266666666667 -6.25596666666667 -13.2857 4.1
-14.7287878786667 -15.75 -18 -21.3933333333333 -6.67856666666667 -13.2202333333333 4.1
-13.852121212 -13.8333333333333 -19.4333333333333 -22.7739333333333 -6.7857 -14.9563333333333 4.1
-13.812121212 -16.75 -17.5166666666667 -19.96 -6.57143333333333 -13.5059666666667 4.1
-13.312121212 -20.1666666666667 -16.3333333333333 -20.3766666666667 -6.75596666666667 -13.6686666666667 4.1
-10.3400473683333 -13.0787148146667 -19.8537666666667 -14.8639 -0.619033333333333 -7.72023333333333 4.2
-12.784514035 -12.5564814813333 -19.5648666666667 -15.7305666666667 -0.4762 -8.31546666666667 4.2
-12.8289473683333 -11.2898148146667 -20.2093 -15.975 -0.142866666666667 -8.81546666666667 4.2
-9.85118070166667 -11.8709148146667 -18.2315333333333 -15.9305666666667 -0.2857 -8.44046666666667 4.2
-11.595614035 -11.423148148 -18.0537666666667 -15.0194333333333 -0.333333333333333 -8.17856666666667 4.2
-10.5622807016667 -11.3675814813333 -17.8759666666667 -15.0416666666667 -0.428566666666667 -8.3393 4.2
-10.7178473683333 -10.9787148146667 -20.1871 -16.0194333333333 -0.2857 -7.90476666666667 4.2
-10.4733807016667 -12.712048148 -21.0315333333333 -16.6861 -0.190466666666667 -8.56546666666667 4.2
-10.784514035 -12.0487148146667 -18.3648666666667 -16.8416666666667 -0.2381 -8.39286666666667 4.2
-11.5289473683333 -12.023148148 -19.3204333333333 -14.9305666666667 -0.2381 -8.7143 4.2
-16.2393 -16.722222222 -13.704301075 -17.2407407406667 7.8869 -11.7202333333333 4.3
-15.0393 -15.8888888886667 -13.5376344083333 -20.7407407406667 8.125 -12.4107 4.3
-13.0726333333333 -14.5888888886667 -12.7876344083333 -18.2407407406667 8.94643333333333 -11.4702333333333 4.3
-15.6393 -16.6388888886667 -12.0876344083333 -18.3407407406667 7.72023333333333 -9.45236666666667 4.3
-13.3893 -16.6388888886667 -12.1209677416667 -21.8574074073333 7.4643 -12.0416666666667 4.3
-14.5726333333333 -15.5555555553333 -10.7876344083333 -16.4907407406667 9.41666666666667 -10.4762 4.3
-16.5393 -16.722222222 -13.204301075 -17.324074074 8.04166666666667 -10.6071333333333 4.3
-13.9893 -16.172222222 -13.5376344083333 -17.2407407406667 9.83333333333333 -10.4583333333333 4.3
-14.4726333333333 -17.1388888886667 -13.1709677416667 -19.7574074073333 8.0119 -10.3512 4.3
-15.5559666666667 -14.3888888886667 -12.3709677416667 -17.024074074 9.67263333333333 -11.2083333333333 4.3
-12.9219108106667 -12.0424 -7.31971761 -15.1313242423333 0 -8.31546666666667 4.4
-12.3663774773333 -12.9035333333333 -10.56971761 -16.297990909 -0.0476333333333333 -7.59523333333333 4.4
-13.394144144 -12.7090666666667 -8.62525094333333 -18.0757575756667 -0.142866666666667 -9.00596666666667 4.4
-11.9219108106667 -13.5424 -8.73638427666667 -15.7035242423333 -0.142866666666667 -8.45833333333333 4.4
-11.9274774773333 -13.5424 -9.09191761 -15.520190909 0 -8.8155 4.4
-13.533044144 -13.8757333333333 -9.23638427666667 -12.6313242423333 -0.0952333333333333 -8.8155 4.4
-13.394144144 -14.2646333333333 -9.29191761 -15.6313242423333 -0.0476333333333333 -8.15476666666667 4.4
-13.3385774773333 -13.0979666666667 -7.54191761 -15.2424242423333 -0.130966666666667 -9.16073333333333 4.4
-11.3663774773333 -13.3202 -10.5141509433333 -15.8146575756667 -0.0952333333333333 -8.31546666666667 4.4
-11.8719108106667 -14.7924 -8.61971761 -16.020190909 0 -8.20833333333333 4.4
-16.9333333333333 -7.1778 -16.6222333333333 -18.0666666666667 -7.2857 -9.38096666666667 4.5
-17.7111 -7.2 -17.0666666666667 -18 -6.95236666666667 -9.66666666666667 4.5
-18.0666666666667 -6.26666666666667 -17.7778 -17.9111333333333 -7.38093333333333 -8.8095 4.5
-18.9333333333333 -6.7111 -17.1555333333333 -18.2222 -6.52383333333333 -10.4286 4.5
-16.4222333333333 -5.35556666666667 -19.9555666666667 -21.0888666666667 -8.7143 -8.85713333333333 4.5
-16.5333333333333 -5.7778 -15.5777666666667 -18.4666666666667 -7.66663333333333 -8.8095 4.5
-16.0444333333333 -5.53333333333333 -15.3111 -20.7555666666667 -6.8095 -10.1428666666667 4.5
-16.7111 -6.95556666666667 -18 -20.6444333333333 -7.04763333333333 -7.4286 4.5
-17.2666666666667 -5.02223333333333 -18.1555333333333 -21.4222333333333 -8.57143333333333 -9.38096666666667 4.5
-16.4666666666667 -4.73333333333333 -17.5111 -19.6666666666667 -7.66666666666667 -9.47616666666667 4.5
-20.6666666666667 -15.8333333333333 -12.8333333333333 -20.3333333333333 -4.61903333333333 -13.7976 5.1
-21 -18.1666666666667 -15.3333333333333 -21.3333333333333 -4.23213333333333 -13.9881 5.1
-20.8333333333333 -18 -13.1666666666667 -19.8333333333333 -2.99406666666667 -13.4762 5.1
-20 -15.6666666666667 -14.1666666666667 -20.6666666666667 -3.56546666666667 -12.7976 5.1
-23 -19.5 -13.5 -21.8333333333333 -4.57143333333333 -13.8690666666667 5.1
-18.8333333333333 -16.5 -17.5 -20 -4.6607 -14.375 5.1
-19.5 -18.1666666666667 -15.6666666666667 -18.6666666666667 -5.7381 -14.0952333333333 5.1
-20.5 -18.8333333333333 -13.5 -19.5 -4.2381 -13.3214333333333 5.1
-21.5 -21.3333333333333 -11.3333333333333 -21.8333333333333 -4.14283333333333 -14 5.1
-21.5 -17.1666666666667 -13.3333333333333 -21.3333333333333 -3.2857 -13.875 5.1
-8.79125690233333 -16.103185714 -15.9589260866667 -17.1111 -3.17856666666667 -9.11903333333333 5.2
-10.557923569 -14.5476190473333 -15.2367260866667 -16.4444333333333 -3.11903333333333 -10.2738 5.2
-9.29125690233333 -13.825385714 -16.07005942 -16.1111 -3.5119 -10.1904666666667 5.2
-8.90235690233333 -14.9365190473333 -15.2367260866667 -16.9444333333333 -3.2857 -10.7023666666667 5.2
-10.8467902356667 -16.3809523806667 -14.3478260866667 -17.8333333333333 -3.5 -10.1785666666667 5.2
-7.40235690233333 -13.714285714 -15.57005942 -16.2222333333333 -3.17856666666667 -10 5.2
-8.33569023566667 -15.325385714 -14.57005942 -17.4444333333333 -1.5357 -11.1428666666667 5.2
-11.2912569023333 -14.214285714 -13.79225942 -18.1111 -4.2143 -10.2381 5.2
-10.0134569023333 -15.2698523806667 -14.29225942 -18.1666666666667 -3.7738 -12.1904666666667 5.2
-9.40235690233333 -14.6587190473333 -14.57005942 -15.1666666666667 -3.7619 -11.6904666666667 5.2
-13.8333333333333 -13.1666666666667 -10.6666666666667 -14.3333333333333 2.83333333333333 -6.0238 5.3
-17.5 -15 -10.5 -17.6666666666667 2.875 -6.54763333333333 5.3
-18.3333333333333 -14.8333333333333 -11.6666666666667 -18 2.83333333333333 -6.04763333333333 5.3
-19 -13 -10 -18.6666666666667 1.91666666666667 -5.98213333333333 5.3
-16.8333333333333 -13.3333333333333 -12.1666666666667 -17.3333333333333 2.54166666666667 -6.0357 5.3
-19.3333333333333 -14 -11.3333333333333 -17.1666666666667 2.8393 -6.30953333333333 5.3
-17.5 -12 -10.1666666666667 -18.3333333333333 1.70833333333333 -6.40476666666667 5.3
-18.5 -11 -11 -18.5 3 -6.09523333333333 5.3
-17.1666666666667 -15.3333333333333 -12.1666666666667 -17.6666666666667 1.1369 -6.02976666666667 5.3
-15.5 -14.8333333333333 -10.1666666666667 -16 1.16666666666667 -6.3631 5.3
-18.2222333333333 -10.9777666666667 -9.5889 -14.1555666666667 -1.14286666666667 -6.82736666666667 5.4
-16.0222333333333 -10.7444333333333 -11.9222333333333 -17.4555666666667 -1.14286666666667 -6.55356666666667 5.4
-17.5555666666667 -11.5444333333333 -13.4889 -16.2222333333333 -1.57143333333333 -7.25 5.4
-17.9889 -10.4777666666667 -10.9889 -15.4222333333333 -0.809533333333333 -6.58333333333333 5.4
-15.3555666666667 -11.9444333333333 -12.0555666666667 -14.3222333333333 -0.2381 -7.2619 5.4
-17.828205128 -11.3619047616667 -13.4047619046667 -17.4625 -0.952366666666667 -7.60713333333333 5.4
-15.7615384613333 -10.395238095 -14.5047619046667 -18.0958333333333 -1.2857 -6.84523333333333 5.4
-15.8615384613333 -10.3619047616667 -12.3047619046667 -15.9291666666667 -1.2381 -6.85716666666667 5.4
-19.9615384613333 -10.8619047616667 -11.6047619046667 -15.7958333333333 -0.952366666666667 -7.29763333333333 5.4
-16.828205128 -10.3619047616667 -14.4047619046667 -14.3958333333333 -0.8095 -7.0119 5.4
-20.4444333333333 -15.8333333333333 -11.5555666666667 -14.5833333333333 -2.5238 -9.36903333333333 5.5
-18.4722333333333 -12.5555666666667 -9.8889 -16.6389 -2.5119 -10.1488 5.5
-18.4444333333333 -15.4722333333333 -11.1666666666667 -12.8611 -2.375 -11.0654666666667 5.5
-17.9722333333333 -13.8333333333333 -12.4722333333333 -14.9444333333333 -2.33333333333333 -9.66666666666667 5.5
-19.3333333333333 -14.1666666666667 -12.1111 -17.6389 -2.42856666666667 -9.9643 5.5
-18.25 -12.9722333333333 -14.3889 -15.5555666666667 -2.2381 -9.625 5.5
-19.9444333333333 -14.9722333333333 -11.7777666666667 -15.1666666666667 -2.4762 -10.0238 5.5
-18.4166666666667 -13.3889 -12.3333333333333 -16.1666666666667 -2.47023333333333 -8.8631 5.5
-18.6389 -13.4166666666667 -10.3611 -14.0555666666667 -2.2381 -9.38096666666667 5.5
-17.9722333333333 -14.3333333333333 -11.0555666666667 -13.8333333333333 -2.5119 -10.9285666666667 5.5
-20.5 -22 -17.8888666666667 -14.5555333333333 -9.29166666666667 -9.91666666666667 6.1
-18.6666666666667 -19.3889 -20.2777666666667 -16.3333333333333 -10.2916666666667 -8.95833333333333 6.1
-18.6666666666667 -20.5 -19.3333333333333 -15.1111 -9.75 -10 6.1
-20.7777666666667 -20.5 -18.6666666666667 -15 -9.625 -10.125 6.1
-22.0555333333333 -18.6666666666667 -20.4444333333333 -16.6111 -10.875 -9.41666666666667 6.1
-20.3333333333333 -17.8888666666667 -15.7778 -15.6666666666667 -10.2916666666667 -10.0416666666667 6.1
-21.0555333333333 -20.2778 -20.3888666666667 -15.5555666666667 -10.4166666666667 -9.58333333333333 6.1
-18.7222333333333 -19.1666666666667 -17.8333333333333 -17.2777666666667 -10.1666666666667 -8.625 6.1
-21.6666666666667 -18 -16.6666666666667 -16.1666666666667 -10 -9.79166666666667 6.1
-18.2222 -21.2777666666667 -18.6666666666667 -15 -10.3333333333333 -8.95833333333333 6.1
-14.1333333333333 -16.7166666666667 -14.4 -19.4333333333333 -6.31746666666667 -7.0139 6.2
-14.4 -16.7833333333333 -15.7333333333333 -18.8 -6.77776666666667 -6.3254 6.2
-14.3333333333333 -15.85 -16.8 -20.1333333333333 -8.60713333333333 -6.28966666666667 6.2
-14.6 -15.1833333333333 -15.7 -20.6 -7.40676666666667 -7.21823333333333 6.2
-15.1666666666667 -18.05 -15.4 -19.9 -7.15873333333333 -6.1389 6.2
-14.9014492753333 -16.6 -13.9333333333333 -19.3029 -7.38096666666667 -6.3254 6.2
-14.3014492753333 -19.2333333333333 -18.3 -17.8362333333333 -7 -6.84323333333333 6.2
-14.768115942 -18.3666666666667 -17.5333333333333 -18.4029 -7.3988 -7.69246666666667 6.2
-14.3014492753333 -15.8 -16.2 -19.2029 -7.04166666666667 -6.0873 6.2
-14.5014492753333 -16.7666666666667 -17.2 -18.1362333333333 -7.06346666666667 -6.72023333333333 6.2
-9.8889 -13.6111 -9.47223333333333 -17.3889 -2.83333333333333 -0.0833333333333333 6.3
-8.91666666666667 -13.0277666666667 -10.6389 -19.5555666666667 -3 -0.208333333333333 6.3
-8.52776666666667 -14.0555666666667 -10.9166666666667 -19.3611 -3.125 -0.833333333333333 6.3
-9.47223333333333 -12.8611 -11.6111 -18.8333333333333 -3.41666666666667 -0.0833333333333333 6.3
-11.5555666666667 -14.9722333333333 -11.7777666666667 -18.0833333333333 -3.125 -0.291666666666667 6.3
-9.3889 -13.8889 -10.7777666666667 -18.4444333333333 -2.875 -0.125 6.3
-10.1944333333333 -11.7777666666667 -9.25 -18.25 -3 -0.333333333333333 6.3
-9.6111 -12 -11.2777666666667 -17.8333333333333 -3.33333333333333 -0.208333333333333 6.3
-9.52776666666667 -13.8333333333333 -11.0833333333333 -17.6111 -3.04166666666667 -0.708333333333333 6.3
-9.22223333333333 -12.1666666666667 -11.1666666666667 -16.9166666666667 -2.875 -0.375 6.3
-11.5878787876667 -15.5814333333333 -17.4782608693333 -17.3239282483333 -6.26786666666667 -0.125 6.4
-14.921212121 -16.3592 -14.8115942026667 -18.101694915 -7.08333333333333 -0.25 6.4
-14.6989787876667 -16.6925333333333 -14.9226942026667 -17.5461282483333 -6.7619 -0.0416666666666667 6.4
-13.5656787876667 -16.0258666666667 -15.3671608693333 -18.6572615816667 -6.90476666666667 -0.458333333333333 6.4
-14.4767454543333 -16.4703 -14.5893608693333 -15.879494915 -6.6012 -0.166666666666667 6.4
-11.699012121 -15.3592 -14.5893942026667 -16.7683615816667 -7.49403333333333 -0.833333333333333 6.4
-12.4767454543333 -13.8036333333333 -15.033827536 -17.212794915 -7.2262 -0.25 6.4
-13.032312121 -14.4703 -14.0337942026667 -16.4350282483333 -7.0357 -0.208333333333333 6.4
-13.5656454543333 -14.6925333333333 -16.8115942026667 -16.101694915 -6.2857 -0.0833333333333333 6.4
-14.3656787876667 -14.4703333333333 -15.7004608693333 -17.4350282483333 -6.2857 -0.333333333333333 6.4
-24.537037037 -9.62643333333333 -12.8888888886667 -13.25 -4.9312 -7.51653333333333 6.5
-20.7037037036667 -12.8764333333333 -13.6388888886667 -12.2833333333333 -5.7606 -6.17526666666667 6.5
-20.8703703703333 -11.6931 -12.1388888886667 -14.1666666666667 -5.99073333333333 -7.2963 6.5
-21.0203703703333 -10.0431 -13.4555555553333 -11.8333333333333 -5.67923333333333 -7.89416666666667 6.5
-24.037037037 -10.9597666666667 -12.3055555553333 -14.5106666666667 -4.99073333333333 -8.01853333333333 6.5
-22.037037037 -10.7931 -12.222222222 -12.6666666666667 -5.9213 -6.63163333333333 6.5
-18.9537037036667 -11.5431 -14.972222222 -13.2 -5.12633333333333 -6.2361 6.5
-25.037037037 -11.1097666666667 -11.222222222 -13.8333333333333 -4.79763333333333 -7.31616666666667 6.5
-21.6037037036667 -13.1264333333333 -11.7888888886667 -11.25 -5.4881 -6.10646666666667 6.5
-23.1203703703333 -11.5431 -12.3888888886667 -12.4273333333333 -5.53043333333333 -6.73346666666667 6.5
-14.8333333333333 -18.5833333333333 -14.4166666666667 -15.5833333333333 -15.9762 -6.61903333333333 7.1
-14.9166666666667 -20 -14.75 -14.9166666666667 -14.4047666666667 -5.11903333333333 7.1
-17.1666666666667 -20.75 -16.6666666666667 -17.3333333333333 -14.5476333333333 -4.47616666666667 7.1
-16.5833333333333 -21 -15.0833333333333 -17.5 -13.9047666666667 -5.42856666666667 7.1
-14.25 -19.75 -16.5833333333333 -16.8333333333333 -14.8571666666667 -5.66666666666667 7.1
-17.4166666666667 -20.9166666666667 -15.9166666666667 -15.9166666666667 -15.1428666666667 -7.16666666666667 7.1
-14.5 -21.3333333333333 -16.9166666666667 -15.75 -14.3809666666667 -5.21426666666667 7.1
-14.9166666666667 -21.25 -15.6666666666667 -16.3333333333333 -13.5 -5.7619 7.1
-15.25 -19.8333333333333 -14.25 -15.0833333333333 -15.2143 -5.92856666666667 7.1
-16.6666666666667 -20.9166666666667 -16.9166666666667 -16.9166666666667 -15.9047666666667 -5.52383333333333 7.1
-23.4377777776667 -15.8290333333333 -14.1849396623333 -7.74358974333333 -13.2023666666667 -2.6151 7.2
-21.0488777776667 -17.4401666666667 -15.9627396623333 -9.24358974333333 -13.6547666666667 -3.54366666666667 7.2
-23.771111111 -18.4957 -13.851606329 -9.08025641 -11.8214333333333 -2.45236666666667 7.2
-24.0266777776667 -17.1623666666667 -12.751606329 -8.85192307666667 -13.1547666666667 -1.36903333333333 7.2
-22.160011111 -15.9957 -13.5960729956667 -10.41025641 -12.2381 -2.6627 7.2
-22.8266777776667 -16.4957 -12.4071729956667 -7.07692307666667 -10.9365333333333 -3.2143 7.2
-24.2155444443333 -16.5512666666667 -15.129406329 -7.74358974333333 -13.3611 -3.7262 7.2
-23.3266777776667 -19.0512666666667 -16.240506329 -8.08025641 -14.0277666666667 -3.58333333333333 7.2
-24.6377777776667 -15.2735 -14.140506329 -7.57415641 -13.0119 -3.92856666666667 7.2
-22.882211111 -14.9957 -9.81827299566667 -8.74358974333333 -13.3532 -2.4127 7.2
-24 -19.4166666666667 -7.91666666666667 -10.6666666666667 -9.75596666666667 0.583333333333333 7.3
-22.6666666666667 -18.75 -8.83333333333333 -9.83333333333333 -9.70833333333333 0.791666666666667 7.3
-22.4166666666667 -18.9166666666667 -8 -8.33333333333333 -8.61306666666667 0.916666666666667 7.3
-25.1666666666667 -19.1666666666667 -8 -12.1666666666667 -10.2797666666667 1.33333333333333 7.3
-23.0833333333333 -19.8333333333333 -7.75 -10.6666666666667 -9.77976666666667 1.16666666666667 7.3
-22.8333333333333 -20.4166666666667 -12.0833333333333 -11.5 -10.6071333333333 0.75 7.3
-23.3333333333333 -20.8333333333333 -9.08333333333333 -12.6666666666667 -9.71426666666667 1.625 7.3
-20.75 -19.75 -9.33333333333333 -10.6666666666667 -9.48216666666667 0.958333333333333 7.3
-22.4166666666667 -19.3333333333333 -9.66666666666667 -12.3333333333333 -9.88093333333333 0.833333333333333 7.3
-19.9166666666667 -19 -8.25 -11 -9.08333333333333 1.58333333333333 7.3
-22.6111 -14.2777666666667 -12.1666666666667 -14.9444333333333 -4.5 0 7.4
-19.2777666666667 -11.5 -11.0555666666667 -13.5555666666667 -4.5 -0.166666666666667 7.4
-20.2222333333333 -13.1111 -10.8889 -14.0555666666667 -4.16666666666667 0 7.4
-22.2777666666667 -15.3889 -9.66666666666667 -12.6111 -3.6111 -0.1111 7.4
-20.2222333333333 -15.7777666666667 -11.5555666666667 -11.6111 -5.44443333333333 -0.0555666666666667 7.4
-17.3333333333333 -13.0555666666667 -7.33333333333333 -12.2777666666667 -4.6667 -0.444433333333333 7.4
-19.6666666666667 -14.5555666666667 -12.3333333333333 -12.8333333333333 -4.83333333333333 -0.0555666666666667 7.4
-20.6111 -13.3889 -11 -14.5 -4.6111 0 7.4
-25.7222333333333 -14.5 -10.1111 -12.3333333333333 -6.05556666666667 0 7.4
-20.6666666666667 -12.5 -10.7222333333333 -14.1666666666667 -5.77776666666667 -0.6111 7.4
-18.6519666666667 -16.1701877933333 -8.135964912 -15.390625 -10.4583333333333 -1.85713333333333 7.5
-19.8186333333333 -17.08685446 -6.385964912 -15.0572916666667 -9.54166666666667 -2.27976666666667 7.5
-19.2353 -16.6701877933333 -7.635964912 -15.9739583333333 -9.2619 -1.95236666666667 7.5
-19.4019666666667 -16.6701877933333 -6.91929824533333 -16.7239583333333 -10.1726333333333 -1.80953333333333 7.5
-17.6519666666667 -16.1701877933333 -6.80263157866667 -14.390625 -10.1904666666667 -1.80953333333333 7.5
-17.6519666666667 -16.58685446 -6.385964912 -16.0572916666667 -9.7143 -1.95236666666667 7.5
-17.8186333333333 -17.33685446 -7.05263157866667 -14.2239583333333 -10.4285666666667 -2.18453333333333 7.5
-18.5686333333333 -17.08685446 -8.80263157866667 -17.5572916666667 -9.9643 -1.90476666666667 7.5
-18.0686333333333 -14.7535211266667 -7.75263157866667 -15.5572916666667 -10.3452333333333 -2.04763333333333 7.5
-17.9019666666667 -15.5035211266667 -6.96929824533333 -14.2239583333333 -9.2738 -2.04763333333333 7.5
-25.1981 -17.1954022986667 -11.3786438593333 -5.87878787866667 -7.45236666666667 -4.45833333333333 8.1
-23.5314333333333 -18.528735632 -12.4897771926667 -7.434321212 -7.44643333333333 -4.89286666666667 8.1
-24.7536666666667 -16.6398689653333 -14.1564438593333 -7.47878787866667 -8.0119 -4.58333333333333 8.1
-26.4203333333333 -16.6398689653333 -12.2675438593333 -5.712121212 -7.68453333333333 -4.99403333333333 8.1
-25.3092333333333 -19.3065022986667 -12.6008771926667 -8.323221212 -8.06546666666667 -4.54763333333333 8.1
-23.7536333333333 -19.1954022986667 -14.7119771926667 -8.54545454533333 -8.2143 -4.29166666666667 8.1
-22.9759 -18.528735632 -12.3786438593333 -8.87878787866667 -7.2619 -4.25 8.1
-25.1981 -17.528735632 -13.045310526 -8.58988787866667 -7.00596666666667 -4.66666666666667 8.1
-24.8647666666667 -17.417635632 -12.6008771926667 -7.712121212 -7.7262 -5.125 8.1
-27.4203 -19.4176022986667 -12.2675438593333 -5.65658787866667 -7.7857 -4.79166666666667 8.1
-11.2425036033333 -21.8426 -10.8883647796667 -7.29165555533333 -8.80156666666667 -2.66666666666667 8.2
-10.63137027 -19.0926 -11.6939314463333 -9.29165555533333 -7.05556666666667 -2.40476666666667 8.2
-14.6036036033333 -20.5370333333333 -12.6994647796667 -8.06945555533333 -8.80156666666667 -2.6746 8.2
-11.1036036033333 -20.6203666666667 -10.4994647796667 -8.06945555533333 -7.72223333333333 -1.2381 8.2
-12.4925036033333 -20.4537 -10.0550314463333 -7.958322222 -8.35713333333333 -1.77776666666667 8.2
-10.9647036033333 -19.0370333333333 -10.471698113 -8.51388888866667 -6.69046666666667 -2.2143 8.2
-11.77027027 -20.9537 -10.221698113 -7.736122222 -7.57936666666667 -1.7619 8.2
-11.7147036033333 -21.2037 -12.032798113 -7.18055555533333 -7.64286666666667 -1.90476666666667 8.2
-12.6869369366667 -18.8703666666667 -11.0272647796667 -7.736122222 -8.68253333333333 -3.07936666666667 8.2
-10.9369369366667 -19.4537 -10.9161314463333 -6.62498888866667 -7.05556666666667 -1.2857 8.2
-15.0026343913333 -17.3535333333333 -7.75 -11.4936619046667 -9.44443333333333 1.46033333333333 8.3
-11.669301058 -17.0202 -11.75 -7.99366190466667 -9.22063333333333 2.57143333333333 8.3
-12.447101058 -15.6868666666667 -11.1944333333333 -8.638095238 -8.76033333333333 1.46823333333333 8.3
-17.458201058 -17.5757666666667 -10.6389 -8.16032857133333 -7.84763333333333 0.444433333333333 8.3
-12.047101058 -16.7979666666667 -12.4166666666667 -10.438095238 -7.24763333333333 1.19046666666667 8.3
-14.947101058 -16.9646333333333 -8.75 -8.99366190466667 -8.9238 1.44443333333333 8.3
-12.669301058 -16.6868666666667 -10.1944333333333 -10.049195238 -8.60476666666667 0.809533333333333 8.3
-11.058201058 -16.8535333333333 -9.25 -7.638095238 -9.7032 0.706333333333333 8.3
-12.5137677246667 -16.7424333333333 -8.30556666666667 -8.16032857133333 -8.5254 1.19046666666667 8.3
-11.9915343913333 -19.7424333333333 -8.19443333333333 -10.2158619046667 -8.71903333333333 1.42063333333333 8.3
-10.3333333333333 -11.1508047616667 -4.476201587 -13.6328724636667 -4.09526666666667 0 8.4
-8.55556666666667 -12.595238095 -5.25396825366667 -13.6328391303333 -4.57143333333333 -0.2381 8.4
-12.3333333333333 -13.9285714283333 -4.476201587 -11.4106391303333 -4.0476 -0.809533333333333 8.4
-9.26666666666667 -12.695238095 -4.53173492033333 -10.6328391303333 -4.57143333333333 0 8.4
-10.7 -13.2619047616667 -5.476201587 -12.9550724636667 -5.09523333333333 -0.333333333333333 8.4
-9.66666666666667 -13.1508047616667 -4.92063492033333 -11.7439724636667 -4.90476666666667 -0.0476333333333333 8.4
-8 -12.1508047616667 -4.14286825366667 -13.188405797 -4.1905 -0.571433333333333 8.4
-11.1111 -13.8174714283333 -6.14283492033333 -13.7439724636667 -4.14286666666667 -0.142866666666667 8.4
-9.15556666666667 -13.9174714283333 -4.75396825366667 -12.188405797 -4.7619 -0.2857 8.4
-10.3666666666667 -14.706338095 -5.36506825366667 -13.3995391303333 -4.71426666666667 -0.0952333333333333 8.4
-15.7950333333333 -16.0611814343333 -5.758865248 -8.28791208766667 -7 -4.875 8.5
-16.3617 -18.0945147676667 -2.258865248 -9.021245421 -7.25 -5.55556666666667 8.5
-16.1950333333333 -19.227848101 -6.82553191466667 -7.08791208766667 -7.61113333333333 -5.25 8.5
-17.6617 -17.8945147676667 -7.92553191466667 -9.78791208766667 -7.7639 -5.3611 8.5
-17.0617 -17.8611814343333 -7.59219858133333 -8.98791208766667 -7.31946666666667 -5.33333333333333 8.5
-14.8617 -16.427848101 -5.92553191466667 -7.58791208766667 -7.1389 -5.51386666666667 8.5
-16.0617 -16.027848101 -4.09219858133333 -8.65457875433333 -7.20833333333333 -4.54166666666667 8.5
-16.3283666666667 -17.6945147676667 -7.658865248 -8.48791208766667 -7.44446666666667 -4.2778 8.5
-16.5950333333333 -18.3611814343333 -5.858865248 -9.08791208766667 -7.33333333333333 -4.09723333333333 8.5
-15.0283666666667 -18.4611814343333 -5.09219858133333 -8.28791208766667 -7.04166666666667 -4.75 8.5
-23.1897333333333 -16.0746923496667 -16.6555666666667 -4.34202898533333 -8.41666666666667 -11.8869 9.1
-22.5897333333333 -17.0524590163333 -19.2111 -5.319795652 -8.42856666666667 -12.8036 9.1
-24.6119666666667 -16.430225683 -17.4244333333333 -4.23092898533333 -8.9762 -12.5595 9.1
-25.1675333333333 -14.6524590163333 -17.1444333333333 -6.63092898533333 -9.18453333333333 -13.2142666666667 9.1
-24.6342 -14.408025683 -15.6111 -6.07536231866667 -8.74403333333333 -13.0774 9.1
-24.1897333333333 -16.408025683 -16.6777666666667 -4.56426231866667 -9.76783333333333 -13.3393 9.1
-24.1230666666667 -15.430225683 -15.7444333333333 -4.74202898533333 -7.99403333333333 -12.7143 9.1
-24.9230666666667 -14.9413590163333 -17.2244333333333 -4.65312898533333 -8.02976666666667 -12.4464333333333 9.1
-25.1897333333333 -14.7413590163333 -15.6555666666667 -4.83092898533333 -7.8095 -13.1488 9.1
-24.9008666666667 -15.1413590163333 -16.1666666666667 -5.897595652 -8.34523333333333 -12.5059333333333 9.1
-21.5166666666667 -15.9035 -12.9731182793333 -3.611111111 -8.02776666666667 -7.69443333333333 9.2
-22.6833333333333 -18.7368333333333 -12.639784946 -3.111111111 -8.2639 -7.18056666666667 9.2
-18.8833333333333 -12.9035 -12.3064516126667 -3.27777777766667 -8.4861 -8.27776666666667 9.2
-23.225 -16.0701666666667 -12.139784946 -3.84444444433333 -8.8889 -7.8889 9.2
-22.35 -15.7368333333333 -15.139784946 -2.44444444433333 -8.18056666666667 -7.56943333333333 9.2
-21.5166666666667 -14.4035 -11.8064516126667 -4.27777777766667 -7.69443333333333 -7.72223333333333 9.2
-23.0166666666667 -16.5701666666667 -11.639784946 -4.77777777766667 -8.05556666666667 -7.3889 9.2
-21.2166666666667 -15.2368333333333 -14.9731182793333 -6.27777777766667 -8.52776666666667 -8.40276666666667 9.2
-24.225 -16.9035 -11.139784946 -2.511111111 -8.40276666666667 -9.25 9.2
-25.85 -17.7368333333333 -15.3064516126667 -3.94444444433333 -8.15276666666667 -7.875 9.2
-12.43852459 -1.06816666666667 -13.5154320986667 -6.43115942 -10.3333333333333 -0.0833333333333333 9.3
-11.8551912566667 -1.06816666666667 -10.5154320986667 -5.18115942 -10.875 -0.0833333333333333 9.3
-10.5218579233333 -1.31816666666667 -14.7654320986667 -7.68115942 -11.125 -0.166666666666667 9.3
-12.2051912566667 -3.31816666666667 -12.998765432 -7.01449275333333 -9.75 -0.0833333333333333 9.3
-11.5218579233333 -2.9015 -14.1820987653333 -6.27449275333333 -11 -0.0833333333333333 9.3
-12.7718579233333 -1.9015 -12.848765432 -4.01449275333333 -10.0833333333333 -0.0833333333333333 9.3
-13.7718579233333 -0.734833333333333 -13.348765432 -5.76449275333333 -10.9166666666667 0 9.3
-12.43852459 -4.1515 -11.7654320986667 -4.01449275333333 -10.2083333333333 0 9.3
-13.53852459 -5.48483333333333 -12.0820987653333 -6.68115942 -10.2083333333333 0 9.3
-11.43852459 -1.56816666666667 -13.598765432 -3.10782608666667 -10.75 0 9.3
-14.9941002946667 -15.2878666666667 -7.274074074 -10.2564102563333 -8.56346666666667 -3.6111 9.4
-13.6607669613333 -17.4545333333333 -6.774074074 -14.5897435896667 -9.26986666666667 -2.27776666666667 9.4
-13.6607669613333 -17.2878666666667 -7.174074074 -6.423076923 -9.94443333333333 -3.22223333333333 9.4
-13.6607669613333 -16.7878666666667 -8.10740740733333 -11.0897435896667 -9.29366666666667 -3.66666666666667 9.4
-12.6941002946667 -15.4545333333333 -7.274074074 -12.423076923 -9.3492 -3.83333333333333 9.4
-11.6607669613333 -16.6212 -7.60740740733333 -13.0897435896667 -8.4762 -3.66666666666667 9.4
-11.9941002946667 -16.4545333333333 -6.44074074066667 -13.423076923 -8.69843333333333 -4.99206666666667 9.4
-14.4941002946667 -17.2878666666667 -7.50740740733333 -12.2564102563333 -9.74603333333333 -2.94443333333333 9.4
-12.6607669613333 -16.1212 -7.94074074066667 -12.2564102563333 -9.57143333333333 -2.8889 9.4
-11.3607669613333 -15.4545333333333 -6.94074074066667 -10.5897435896667 -8.96033333333333 -2.44443333333333 9.4
-13.6666666666667 -19.6666666666667 -5.16666666666667 -8.66666666666667 -12.1574 -3.20833333333333 9.5
-12.6666666666667 -20 -6 -7.16666666666667 -11.9768666666667 -3.29166666666667 9.5
-13 -18.5 -5 -7.33333333333333 -11.875 -3.29166666666667 9.5
-14.1666666666667 -21 -6.5 -9.33333333333333 -12.7546333333333 -3.25 9.5
-13 -18 -6.16666666666667 -9.16666666666667 -11.4629666666667 -2.41666666666667 9.5
-14.5 -20.1666666666667 -3.66666666666667 -7.16666666666667 -11.1064666666667 -3.375 9.5
-13.5 -19.1666666666667 -7.5 -12.3333333333333 -12.7176 -3.875 9.5
-16 -19.3333333333333 -4.16666666666667 -9.66666666666667 -11.6435333333333 -3.20833333333333 9.5
-13.1666666666667 -18.3333333333333 -3.16666666666667 -7.33333333333333 -11.7824 -3.83333333333333 9.5
-15.5 -20 -6.16666666666667 -7.33333333333333 -12.5509333333333 -3.5 9.5
-21.5061728393333 -21.9285666666667 -16.1128205126667 4.34976525833333 -11.3055666666667 -10.8194333333333 10.1
-23.0061728393333 -22.3619 -16.7794871793333 0.849765258333333 -11.6666666666667 -11.7083333333333 10.1
-20.8395061726667 -22.2619 -15.846153846 0.649765258333333 -11.0139 -10.3333333333333 10.1
-25.0061728393333 -20.2619 -15.8794871793333 1.84976525833333 -10.3472333333333 -10.6944333333333 10.1
-24.8395061726667 -22.0952333333333 -16.1128205126667 2.58309859166667 -12.2222333333333 -11.8611 10.1
-25.172839506 -22.0952333333333 -16.7794871793333 3.34976525833333 -12 -10.9305666666667 10.1
-26.3395061726667 -23.1952333333333 -14.7794871793333 0.683098591666667 -10.5139 -10.9583333333333 10.1
-23.172839506 -25.2619 -12.846153846 -0.0169014083333333 -10.8333333333333 -11.2639 10.1
-22.5061728393333 -24.5952333333333 -16.046153846 0.016431925 -9.9861 -9.9861 10.1
-25.5061728393333 -21.2619 -16.446153846 -0.083568075 -11.6944333333333 -10.125 10.1
-19.686419753 -22.2 -10.9896666666667 -5.8 -5.92263333333333 -7.2381 10.2
-18.2530864196667 -21.7 -13.4896666666667 -8.3 -6.0238 -7.24403333333333 10.2
-20.4197530863333 -20.6333333333333 -11.323 -5.96666666666667 -6.11903333333333 -7.17263333333333 10.2
-20.7530864196667 -22.8666666666667 -11.4896666666667 -8.33333333333333 -6.48213333333333 -7.0893 10.2
-20.886419753 -23.0333333333333 -11.9896666666667 -6.3 -5.875 -7.44046666666667 10.2
-19.0197530863333 -21.0333333333333 -9.65633333333333 -6.96666666666667 -6.70236666666667 -7.65476666666667 10.2
-17.2530864196667 -21.7 -12.323 -7.63333333333333 -5.92856666666667 -6.80953333333333 10.2
-19.4197530863333 -20.6333333333333 -9.65633333333333 -7.13333333333333 -5.83333333333333 -7.19643333333333 10.2
-20.4197530863333 -22.7 -10.823 -7.5 -5.89286666666667 -7.0238 10.2
-19.886419753 -21.2 -10.6563333333333 -7.8 -6.7857 -6.45236666666667 10.2
-20.960306349 -16.7465166666667 -7.99538148133333 -7.44063333333333 -9.72223333333333 -6.46033333333333 10.3
-19.738106349 -20.0243166666667 -9.60648148133333 -9.66283333333333 -9.30953333333333 -7.2143 10.3
-21.960306349 -17.3020833333333 -7.69538148133333 -10.7184 -8.69843333333333 -7.4762 10.3
-21.0158730156667 -16.3020833333333 -6.60648148133333 -9.05173333333333 -9.3175 -6.15873333333333 10.3
-21.760306349 -16.8909833333333 -7.884248148 -4.99616666666667 -9.47616666666667 -7.25393333333333 10.3
-20.849206349 -20.8020833333333 -9.49538148133333 -6.66283333333333 -8.95236666666667 -5.92063333333333 10.3
-21.9047730156667 -17.0243166666667 -8.662048148 -10.2739666666667 -9.77776666666667 -5.5 10.3
-19.5158730156667 -17.07985 -9.52871481466667 -8.27396666666667 -9.49203333333333 -6.45236666666667 10.3
-19.9047730156667 -15.9131833333333 -9.162048148 -7.16283333333333 -8.96823333333333 -6.0238 10.3
-20.149206349 -18.16875 -7.384248148 -6.8295 -8.92063333333333 -7.6111 10.3
-15.43875502 -17.9846153843333 -1.903594771 -6.1852 -8.3143 -5.95236666666667 10.4
-14.7720883533333 -18.0679487176667 -1.103594771 -5.85186666666667 -10.0190666666667 -5.39046666666667 10.4
-15.6054216866667 -17.3179487176667 -1.32026143766667 -6.01853333333333 -8.38096666666667 -7.09526666666667 10.4
-14.3554216866667 -19.5679487176667 -2.07026143766667 -5.85186666666667 -8.94286666666667 -6.5905 10.4
-14.5220883533333 -17.7679487176667 -1.32026143766667 -5.4352 -8.75236666666667 -6.09523333333333 10.4
-15.6054216866667 -18.2346153843333 -1.653594771 -4.85186666666667 -7.8762 -5.6 10.4
-14.6054216866667 -17.5679487176667 -1.77026143766667 -5.01853333333333 -7.85713333333333 -5.93333333333333 10.4
-13.18875502 -16.401282051 -1.153594771 -4.26853333333333 -8.05716666666667 -6.6 10.4
-14.2720883533333 -19.151282051 -0.820261437666667 -5.60186666666667 -8.64763333333333 -6.72383333333333 10.4
-14.8554216866667 -17.4346153843333 -0.903594771 -5.76853333333333 -9.30473333333333 -6.4381 10.4
-18.5308 -21.6637315786667 0 -8.914130303 -5.95833333333333 -8.41666666666667 10.5
-17.6141333333333 -22.3026315786667 -0.333333333333333 -11.803030303 -5.91666666666667 -8.04166666666667 10.5
-17.8919 -22.7192982453333 -0.166666666666667 -9.553030303 -5.66666666666667 -9.08333333333333 10.5
-18.5863333333333 -23.1637315786667 0 -11.2196969696667 -5.625 -8.95833333333333 10.5
-17.4474666666667 -22.135964912 0 -8.71969696966667 -6.625 -8.04166666666667 10.5
-18.753 -24.024864912 0 -10.3863636363333 -6.125 -7.66666666666667 10.5
-16.6141333333333 -20.8026315786667 -0.333333333333333 -10.3307969696667 -6.16666666666667 -8.16666666666667 10.5
-16.5308 -22.6637315786667 -0.166666666666667 -9.77526363633333 -6.25 -8.58333333333333 10.5
-17.1974666666667 -22.8581982453333 0 -10.2752636363333 -5.16666666666667 -8.16666666666667 10.5
-15.7808 -22.0803982453333 0 -12.164130303 -5.79166666666667 -8.33333333333333 10.5
