-53.0611 -64.9880666666667 -81.5163 -87.0331666666667 -69.6519333333333 -71.1136333333333 1.1
-52.2466333333333 -64.8562666666667 -82.3245333333333 -86.3631 -69.94 -71.4375333333333 1.1
-52.5101666666667 -65.372 -82.6396333333333 -87.1128333333333 -69.3515 -72.0071666666667 1.1
-52.6337333333333 -65.0909 -82.0393666666667 -86.9924666666667 -70.1663666666667 -72.5507666666667 1.1
-52.5845 -64.6097666666667 -81.029 -87.5157333333333 -69.9527333333333 -70.4743 1.1
-52.5466333333333 -64.667 -81.6810333333333 -87.8148666666667 -69.3047333333333 -72.3349 1.1
-51.9948333333333 -64.9222 -81.8122666666667 -87.7689333333333 -71.4471666666667 -72.6314666666667 1.1
-52.2681 -65.4096 -80.5243666666667 -86.9392333333333 -71.1174 -71.9725333333333 1.1
-52.5650333333333 -64.9239666666667 -80.5614 -87.1418666666667 -69.6606333333333 -71.5931 1.1
-52.4881333333333 -65.0517333333333 -80.5403666666667 -87.5286333333333 -70.2338666666667 -72.2332333333333 1.1
-59.8814666666667 -61.3285333333333 -78.077 -87.1320333333333 -69.2442333333333 -68.6996 1.2
-59.6102333333333 -60.7504333333333 -77.8014333333333 -86.9494666666667 -68.6216666666667 -67.7734666666667 1.2
-59.6698333333333 -60.6080666666667 -77.7671 -87.2319 -68.1927 -67.8045333333333 1.2
-59.5273666666667 -59.8640333333333 -77.4314666666667 -87.0188333333333 -67.3188 -67.2139333333333 1.2
-59.5571 -59.8588333333333 -77.6065333333333 -87.7054333333333 -68.2841666666667 -68.2844333333333 1.2
-59.2764666666667 -61.1848666666667 -77.8307 -87.9495666666667 -69.2698 -68.7824333333333 1.2
-59.5739666666667 -60.8030333333333 -77.8391333333333 -87.8264666666667 -69.0671 -68.4198333333333 1.2
-59.6771333333333 -60.5328 -78.1710333333333 -87.8676333333333 -69.1491 -68.1521 1.2
-59.6754 -60.3090333333333 -78.3886666666667 -86.7750333333333 -69.247 -68.0942 1.2
-59.6648 -59.7431333333333 -78.1471666666667 -86.9343 -68.9819 -68.7909333333333 1.2
-66.2708333333333 -56.2926333333333 -83.7805333333333 -84.0942 -68.7422 -75.1472333333333 1.3
-65.821 -56.4356 -83.3323666666667 -83.5700666666667 -68.7751666666667 -75.6748 1.3
-66.4124 -56.9005666666667 -84.1302 -83.9654333333333 -69.9153666666667 -75.2557333333333 1.3
-66.0120666666667 -56.0745666666667 -83.835 -84.2824333333333 -69.8371333333333 -76.5500333333333 1.3
-65.7405333333333 -56.7782 -84.5895 -83.3634 -70.8664333333333 -76.7650333333333 1.3
-66.2886 -56.6034666666667 -84.1074666666667 -83.6636 -69.6399333333333 -76.7083333333333 1.3
-65.8695333333333 -56.0014 -84.0030666666667 -83.7737 -71.8446666666667 -76.359 1.3
-65.5471333333333 -55.8153666666667 -83.4332333333333 -83.7625666666667 -70.8755666666667 -76.0655333333333 1.3
-67.6721333333333 -56.4493333333333 -84.2774666666667 -84.3293333333333 -70.8940333333333 -76.4770666666667 1.3
-65.6477333333333 -55.3207666666667 -84.0279333333333 -83.8378333333333 -71.1715666666667 -77.1372 1.3
-65.2319666666667 -47.5440333333333 -74.1361333333333 -77.2618 -67.1862 -73.5414666666667 1.4
-66.0728666666667 -47.9672666666667 -74.2341666666667 -78.0192 -69.0443 -73.115 1.4
-67.1256 -48.2413 -74.2112333333333 -78.7178333333333 -67.8194666666667 -73.6660333333333 1.4
-67.0166 -48.6668666666667 -74.3747333333333 -78.6756 -67.4239333333333 -74.1125666666667 1.4
-66.8047333333333 -48.5678333333333 -74.5954666666667 -78.3701333333333 -67.8682666666667 -73.7771 1.4
-66.1974 -49.1872333333333 -74.3477666666667 -78.2973666666667 -68.7761333333333 -73.3185 1.4
-65.6835 -46.9904 -73.6443 -77.1658333333333 -68.0909333333333 -72.835 1.4
-66.3344 -47.5388666666667 -74.2091333333333 -78.3501 -68.4249333333333 -73.3085 1.4
-66.5591 -47.6865666666667 -74.0918 -77.5679333333333 -70.6893 -74.2121666666667 1.4
-66.1984 -48.1072666666667 -74.0923666666667 -78.0137333333333 -68.5449333333333 -73.9568666666667 1.4
-65.6853666666667 -52.6639333333333 -83.2335333333333 -78.2986333333333 -70.6694666666667 -70.9968 1.5
-65.9914333333333 -51.5109 -83.5686 -78.3136666666667 -72.3935666666667 -71.0432333333333 1.5
-65.3263 -52.2972666666667 -84.5857666666667 -78.2589 -71.4559 -71.6844333333333 1.5
-64.7426666666667 -51.1824666666667 -84.2738666666667 -77.2992333333333 -71.6386333333333 -70.6166333333333 1.5
-65.1705666666667 -51.1200666666667 -84.1485333333333 -78.6582666666667 -71.8193 -70.5743 1.5
-67.4456 -51.9783333333333 -84.5785333333333 -79.4288333333333 -72.2622333333333 -70.5316 1.5
-67.0873 -50.5990333333333 -85.1943666666667 -78.9374 -71.5580666666667 -70.7828333333333 1.5
-67.6317666666667 -51.8025333333333 -84.8148 -79.7772 -71.8764666666667 -70.9972 1.5
-66.4124666666667 -51.676 -82.9998 -79.1025333333333 -72.3774333333333 -70.8945 1.5
-65.6311666666667 -50.7105333333333 -86.3095333333333 -79.5465666666667 -71.9472 -70.8011333333333 1.5
-60.4988333333333 -68.2589 -79.1533333333333 -85.4573333333333 -68.5472333333333 -71.1935666666667 2.1
-60.9940333333333 -67.6718666666667 -78.8289 -85.9020333333333 -67.8588666666667 -70.7074666666667 2.1
-61.5316333333333 -68.6150666666667 -79.4438666666667 -86.4478 -68.4421 -71.4219333333333 2.1
-61.0180666666667 -67.7432 -79.2672 -86.234 -68.6554666666667 -71.2622 2.1
-61.6400333333333 -68.1780666666667 -79.8309666666667 -86.6533666666667 -69.6053 -70.9587333333333 2.1
-60.8917333333333 -68.1429333333333 -78.9076333333333 -86.4236333333333 -68.4703 -70.7156 2.1
-60.9646333333333 -67.8905333333333 -79.1528666666667 -86.0573666666667 -68.4225 -70.9023 2.1
-60.9416 -67.5499333333333 -79.2151 -85.9995666666667 -68.0216333333333 -70.2529333333333 2.1
-61.1535333333333 -68.2007333333333 -79.2163 -86.2041666666667 -69.0213333333333 -70.6356666666667 2.1
-61.1251333333333 -68.1231 -79.0479333333333 -85.9451666666667 -69.2085333333333 -71.1788 2.1
-59.0768 -67.6928333333333 -76.3055666666667 -85.9738666666667 -65.5956666666667 -65.9323666666667 2.2
-59.8529666666667 -67.1258333333333 -76.1078333333333 -85.0179666666667 -65.888 -66.3262666666667 2.2
-60.2859333333333 -66.8856333333333 -76.3104333333333 -84.6764666666667 -65.6656666666667 -66.5067666666667 2.2
-60.366 -69.5817 -78.3937666666667 -85.0359333333333 -65.5159666666667 -66.3649666666667 2.2
-60.2745 -70.7875666666667 -78.5457666666667 -86.3055333333333 -66.0372 -66.3521333333333 2.2
-60.0898666666667 -71.2597666666667 -78.9673 -85.5098 -64.8448 -65.9119333333333 2.2
-59.6944333333333 -71.1470666666667 -78.9771333333333 -85.8414666666667 -65.1354 -66.3168 2.2
-59.5555333333333 -70.1029333333333 -78.6977 -85.9738666666667 -64.6182666666667 -66.6603333333333 2.2
-59.2271 -67.9314 -77.8039333333333 -85.9754666666667 -63.1905666666667 -66.578 2.2
-58.9624 -67.8545666666667 -77.3284 -86.5980333333333 -62.7614333333333 -65.6518333333333 2.2
-59.3148 -60.7010666666667 -76.2719 -89.6852 -60.7827333333333 -66.8560666666667 2.3
-59.2963 -61.3122 -76.3724333333333 -89.5926 -59.453 -66.7549333333333 2.3
-59.2619 -61.3095333333333 -76.3301 -89.9444333333333 -60.7352333333333 -67.3164 2.3
-59.9259 -61.1428666666667 -76.2719 -89.2222333333333 -60.1794666666667 -67.2991666666667 2.3
-60.9444333333333 -61.2143 -76.4465333333333 -89.6111333333333 -60.6513 -67.4152333333333 2.3
-60.2513333333333 -61.5634666666667 -76.8856666666667 -90.1111 -60.6683666666667 -67.6611333333333 2.3
-60.1296333333333 -61.3915333333333 -75.9015333333333 -89.7407666666667 -60.2229666666667 -67.4066333333333 2.3
-59.6640333333333 -61.2963 -76.2613333333333 -91.6852 -61.0567666666667 -66.8635 2.3
-59.3333333333333 -61.1111 -76.5893666666667 -91.0555666666667 -59.1623 -66.5789 2.3
-59.6296333333333 -62.1137666666667 -76.5682 -91 -60.9371333333333 -67.9262666666667 2.3
-68.6363666666667 -56.4933333333333 -73.9357666666667 -76.5454666666667 -64.8543333333333 -61.6109 2.4
-68.4969666666667 -56.9236333333333 -73.9478666666667 -76.8157666666667 -64.8681333333333 -61.2629 2.4
-67.0097 -56.1551666666667 -73.5272666666667 -76.9745333333333 -66.2002 -62.6185 2.4
-69.3236333333333 -56.1466666666667 -74.4521333333333 -77.6472666666667 -66.5815666666667 -62.3584333333333 2.4
-68.5563666666667 -57.2654666666667 -74.2121333333333 -77.5139333333333 -66.3274 -61.6500666666667 2.4
-68.4303 -55.9915 -74.2763666666667 -77.2194 -64.7195 -62.2640666666667 2.4
-69.2254666666667 -58.2121333333333 -75.0581666666667 -77.9685 -64.3611666666667 -62.3065 2.4
-67.3891 -58.0242333333333 -74.3527333333333 -77.3066666666667 -64.3643 -61.4574 2.4
-68.2969666666667 -56.2497 -73.7066666666667 -76.5527333333333 -64.2616 -61.1836666666667 2.4
-68.3757666666667 -56.9624333333333 -74.1745333333333 -77.3660666666667 -64.9732333333333 -61.5192 2.4
-68.1060666666667 -51.6454666666667 -83.4439333333333 -79.2969666666667 -63.8497333333333 -68.0458333333333 2.5
-67.5060666666667 -51.2424333333333 -83.3833333333333 -78.9 -64.2230666666667 -67.4888333333333 2.5
-68.7575666666667 -52.1272666666667 -83.7166666666667 -79.6969666666667 -64.3008666666667 -67.4712 2.5
-68.9515 -51.3212 -83.9288 -79.7818333333333 -63.9789333333333 -67.2860666666667 2.5
-68.7424333333333 -51.9515 -83.9591 -79.6727333333333 -63.8285333333333 -67.5937666666667 2.5
-67.6727333333333 -51.4394 -84.4197 -79.7 -64.8362 -68.2168333333333 2.5
-68.2121333333333 -52.5060666666667 -85.1833333333333 -80.3424333333333 -67.249 -72.8887666666667 2.5
-69.2757666666667 -50.0485 -83.9166666666667 -78.8394 -66.9897333333333 -75.1873 2.5
-68.7878666666667 -52.5030333333333 -84.0985 -79.8121333333333 -63.4796 -69.9122 2.5
-68.8181666666667 -50.7363666666667 -83.8803 -81.3242333333333 -63.2533666666667 -68.5444 2.5
-71.3586 -73.2777666666667 -79.6463666666667 -83.9242333333333 -67.9142666666667 -71.8064666666667 3.1
-73.3080666666667 -71.7525 -79.5857666666667 -86.6161333333333 -67.9862666666667 -71.3949 3.1
-72.7222333333333 -73.1212 -79.8483666666667 -86.2777666666667 -67.9939333333333 -71.3787333333333 3.1
-71.8989666666667 -72.0505333333333 -79.1514 -85.4798 -68.5 -71.6607333333333 3.1
-72.4343333333333 -72.0353333333333 -79.2474 -85.6818333333333 -67.5669 -71.713 3.1
-72.7171666666667 -71.9545333333333 -78.9595 -85.8889 -68.4998333333333 -72.2810333333333 3.1
-72.1111 -71.8232333333333 -79.2069666666667 -86.1161666666667 -71.3335 -72.7584 3.1
-71.9292666666667 -71.6565666666667 -78.4645333333333 -85.8131333333333 -71.0658 -72.2853 3.1
-72.8888666666667 -71.7272666666667 -79.2524333333333 -85.8383666666667 -72.4053333333333 -73.3050333333333 3.1
-72.5858333333333 -71.4545333333333 -79.1110333333333 -86.7828333333333 -73.5494333333333 -73.7107 3.1
-62.6489666666667 -65.9419333333333 -76.1828333333333 -81.1818333333333 -58.1509666666667 -68.3193333333333 3.2
-60.0227333333333 -63.2904 -75.7005 -80.9116333333333 -57.7881333333333 -68.6238 3.2
-60.3914 -63.7374 -75.6272666666667 -82.0252666666667 -59.0471 -68.7371666666667 3.2
-60.5 -65.3181666666667 -77.1096 -80.7727333333333 -59.6074666666667 -68.7187333333333 3.2
-60.1717 -63.4974666666667 -76.2964666666667 -79.5505 -59.2082 -68.9986333333333 3.2
-59.702 -65.7702 -75.9101 -78.3333333333333 -60.0419333333333 -68.7781666666667 3.2
-58.5454666666667 -65.3383666666667 -77.1878666666667 -79.8889 -60.8420333333333 -69.1543 3.2
-58.1818333333333 -65.5707333333333 -76.7333333333333 -80.4343666666667 -60.4002 -68.7259666666667 3.2
-57.7272666666667 -64.0606 -75.4505 -79.798 -59.9729666666667 -66.4175666666667 3.2
-57.7272666666667 -64.6111 -77.3697 -79.7374 -59.5281333333333 -65.6903666666667 3.2
-69.6274666666667 -58.8872666666667 -77.4620666666667 -82.6960666666667 -54.5 -70.842 3.3
-70.7524666666667 -60.9558666666667 -76.4032333333333 -83.6789333333333 -54.795 -71.3134333333333 3.3
-69.9509666666667 -59.2745 -76.9302 -83.6274666666667 -54.5281 -70.6098666666667 3.3
-69.7279333333333 -59.5931333333333 -75.5613333333333 -82.8688666666667 -54.4490333333333 -70.3283666666667 3.3
-69.7034333333333 -60.0980333333333 -76.0061666666667 -82.7757333333333 -54.7256666666667 -70.5886333333333 3.3
-68.6887333333333 -59.5 -75.6875333333333 -82.4902 -54.2146666666667 -70.8006 3.3
-70.1176333333333 -61.3529333333333 -76.1140333333333 -82.4203333333333 -54.0381 -70.2699 3.3
-68.9044 -59.6225333333333 -76.9841333333333 -82.7855333333333 -53.7906333333333 -70.1291 3.3
-69.5539333333333 -60.0784333333333 -76.3333666666667 -82.7487666666667 -53.6713666666667 -69.9669 3.3
-69.4706 -59.5980333333333 -76.3321666666667 -81.3811333333333 -53.3052 -69.4218333333333 3.3
-75.2445333333333 -62.6542666666667 -67.8230333333333 -80.924 -59.1002666666667 -67.9914333333333 3.4
-74.8826666666667 -62.4799 -67.4129333333333 -80.1564333333333 -59.0037 -67.528 3.4
-75.8640333333333 -61.4525 -68.2780666666667 -80.5014666666667 -59.0924333333333 -67.1501 3.4
-75.2415666666667 -64.1261 -67.5807 -80.2204 -59.4372666666667 -67.7764333333333 3.4
-76.2792666666667 -62.3508666666667 -68.1267666666667 -80.3377333333333 -59.5725 -67.9214666666667 3.4
-74.3059333333333 -62.3863333333333 -68.1651333333333 -79.6272 -59.7555 -68.0943333333333 3.4
-76.2810666666667 -63.4188666666667 -68.2353 -81.2061333333333 -59.7038666666667 -68.3578 3.4
-75.1111 -61.8264 -67.9655666666667 -79.4294666666667 -60.2131333333333 -69.4424666666667 3.4
-75.1209666666667 -62.1476666666667 -68.2419 -79.3293 -59.6598333333333 -67.7070333333333 3.4
-74.3198333333333 -63.3278666666667 -68.5730333333333 -80.2014 -59.2329666666667 -67.5008333333333 3.4
-74.6527666666667 -67.8472333333333 -81.0722333333333 -83.0833333333333 -64.5724 -69.9724333333333 3.5
-73.9444333333333 -66.4166666666667 -80.2333333333333 -82.1944333333333 -66.2278333333333 -69.4335 3.5
-74.2 -68.2639 -80.4455666666667 -82.3833333333333 -64.5422 -68.3041 3.5
-74.2777666666667 -68.75 -80.0444333333333 -81.924 -63.7075333333333 -68.3603 3.5
-75.6666666666667 -65.1666666666667 -80.3777666666667 -82.5277666666667 -63.3920333333333 -68.211 3.5
-74.2777666666667 -66.0277666666667 -80.2111 -82.25 -63.4516333333333 -68.0067333333333 3.5
-73.7222333333333 -65.9166666666667 -80.1777666666667 -82.4722333333333 -64.0399666666667 -67.9884 3.5
-74.0333333333333 -67.5833333333333 -80.2789 -82.3277666666667 -63.3324 -68.0179333333333 3.5
-74.3889 -67.8889 -80.0444333333333 -83.1462333333333 -63.2351666666667 -68.0426333333333 3.5
-75.8889 -66.4166666666667 -79.9889 -82.6389 -64.0980666666667 -68.5302333333333 3.5
-75.1384666666667 -73.3137333333333 -83.3607 -82.9154333333333 -59.7636666666667 -67.7387666666667 4.1
-74.1760666666667 -73.4861 -82.6830333333333 -82.4857 -59.4260666666667 -67.7008 4.1
-74.1323666666667 -73.4583333333333 -81.8680666666667 -81.6601333333333 -59.5142 -67.9809 4.1
-73.9791666666667 -73.7524666666667 -81.1875 -81.8120666666667 -59.5650333333333 -68.0515666666667 4.1
-74.9011666666667 -74.4113333333333 -82.4534333333333 -82.9252333333333 -59.2321 -67.9186 4.1
-75.3308666666667 -74.1491 -82.2067 -82.9734666666667 -58.7669333333333 -67.9033666666667 4.1
-75.1348 -74.3656 -82.4628 -83.2651333333333 -59.9075 -68.3751333333333 4.1
-75.9081 -75.0784333333333 -81.991 -83.5853666666667 -60.2400333333333 -69.5642333333333 4.1
-75.8615333333333 -74.6401333333333 -82.5453333333333 -83.2009666666667 -60.1669 -69.4026666666667 4.1
-75.5604666666667 -74.6491 -82.4816333333333 -83.4272666666667 -59.9210333333333 -69.3556 4.1
-70.1102666666667 -70.4882333333333 -73.0715666666667 -79.4705333333333 -57.0909333333333 -67.0681 4.2
-68.9646666666667 -70.5101 -72.4831666666667 -79.936 -58.3046333333333 -67.1227333333333 4.2
-69.5572333333333 -68.7129666666667 -72.4436 -77.7744333333333 -57.6131333333333 -66.5096666666667 4.2
-68.7306666666667 -67.1767666666667 -71.9747333333333 -76.1565666666667 -57.5162333333333 -66.4504 4.2
-69.6170333333333 -68.4621333333333 -73.1506666666667 -77.2239 -56.9989333333333 -66.2806 4.2
-69.9932666666667 -68.7878666666667 -73.2415666666667 -77.5404 -57.1603 -65.6151 4.2
-68.7146666666667 -68.1288 -72.7146666666667 -77.6229 -58.5005666666667 -65.7382666666667 4.2
-69.9074 -68.0488333333333 -73.0572333333333 -77.6448 -59.335 -67.1631 4.2
-69.8417666666667 -67.5623 -72.8619333333333 -77.9714 -58.7678333333333 -67.0918666666667 4.2
-71.3417666666667 -66.7811333333333 -73.2138 -79.9823 -58.7850666666667 -67.1659666666667 4.2
-73.5 -71.6389 -77.5555666666667 -82.1666666666667 -30.6699666666667 -65.2108666666667 4.3
-75.0277666666667 -73.5 -76 -80.9722333333333 -27.4728666666667 -64.8594 4.3
-72.9166666666667 -71.3333333333333 -76.4166666666667 -81.3611 -27.5779333333333 -65.1252666666667 4.3
-72.6389 -71.4444333333333 -77.1389 -81.3055666666667 -27.5273666666667 -64.5967 4.3
-73.6944333333333 -74.0277666666667 -75.75 -81.6666666666667 -27.8475333333333 -65.0797333333333 4.3
-73.0277666666667 -71.4166666666667 -77.1111 -82.0833333333333 -27.6151333333333 -65.0314666666667 4.3
-73.5 -72.1111 -76.2222333333333 -82.1666666666667 -28.0111666666667 -66.2208 4.3
-72.8889 -71.6944333333333 -77 -81.6666666666667 -28.0414333333333 -66.5937 4.3
-71.7222333333333 -70.8333333333333 -74.4444333333333 -80.4166666666667 -28.6769333333333 -66.6029333333333 4.3
-71.6944333333333 -69.6944333333333 -76.6666666666667 -80.6389 -27.9426666666667 -65.5398666666667 4.3
-69.8666666666667 -64.3666666666667 -77.1666666666667 -81.2166666666667 -51.2728 -68.303 4.4
-70.1833333333333 -63.8833333333333 -77.6333333333333 -81.1666666666667 -50.7748666666667 -66.9460666666667 4.4
-70 -64.7833333333333 -77.8666666666667 -81.4166666666667 -50.5152666666667 -67.3790333333333 4.4
-70.7333333333333 -65.2333333333333 -78.2333333333333 -81.2 -50.9614333333333 -67.8146333333333 4.4
-70.9833333333333 -65.45 -78.1 -81.7666666666667 -50.1728666666667 -66.6949666666667 4.4
-71.8666666666667 -65.5666666666667 -78.6 -81.75 -52.3257666666667 -68.1537333333333 4.4
-71.6833333333333 -66.5333333333333 -77.7666666666667 -81.6833333333333 -52.5582333333333 -68.6728666666667 4.4
-70.2333333333333 -65.3166666666667 -77.2833333333333 -80.7166666666667 -52.7915666666667 -69.1995 4.4
-69.7 -65.0666666666667 -77.25 -80.7333333333333 -52.1179666666667 -69.3026333333333 4.4
-70.05 -64.9666666666667 -76.8833333333333 -81.3666666666667 -51.5310666666667 -69.083 4.4
-73.9777666666667 -67.5111 -75.5111 -86.8444333333333 -66.1929333333333 -68.97 4.5
-74.0333333333333 -68.1333333333333 -75.1 -87.3333333333333 -66.4629 -70.5872 4.5
-72.7111 -66.6 -75.5222333333333 -87.1555666666667 -67.8007333333333 -68.7732666666667 4.5
-72.7 -65.9889 -75 -87.2111 -67.7469333333333 -70.0226333333333 4.5
-74.1333333333333 -66.9222333333333 -76.5666666666667 -87.8 -66.7839666666667 -68.9531333333333 4.5
-74.0666666666667 -65.8889 -75.9333333333333 -87.2555666666667 -65.6782 -70.1893333333333 4.5
-73.6222333333333 -67.2333333333333 -75.8111 -86.7889 -67.8837666666667 -69.1722 4.5
-73.5555666666667 -67.2889 -77.4111 -88.2 -68.1964333333333 -70.6845333333333 4.5
-73.6444333333333 -68.5666666666667 -76.1111 -87.3777666666667 -68.2370333333333 -70.5896 4.5
-74.0555666666667 -67.5111 -75.8111 -87.3777666666667 -67.6703 -68.9456333333333 4.5
-73.1619 -65.0476333333333 -81.1587333333333 -81.9587333333333 -66.1369333333333 -70.3053 5.1
-72.1238 -63.7619 -79.4158666666667 -79.8634666666667 -66.1634 -69.1464 5.1
-71.5143 -64.1206333333333 -78.2444333333333 -80.8222333333333 -65.7372 -70.2207333333333 5.1
-71.3143 -63.4539666666667 -78.6285666666667 -80.6571333333333 -66.2432333333333 -70.6866666666667 5.1
-71.3047666666667 -64.6222333333333 -78.9587333333333 -81.5587333333333 -66.5961 -71.023 5.1
-71.8 -64.0762 -78.8222333333333 -80.873 -65.6153 -70.4487666666667 5.1
-72.4222333333333 -64.0190333333333 -78.8317666666667 -81.2190333333333 -65.9555333333333 -69.1820333333333 5.1
-73.4254 -64.4 -79.3904666666667 -82.3746 -65.4324333333333 -69.5884666666667 5.1
-75.5111 -65.6476333333333 -81.2254 -83.4857 -65.5029 -70.5343 5.1
-73.3968 -63.9365333333333 -79.3841333333333 -81.4539666666667 -65.7586 -70.5601 5.1
-67.4317 -72.1076333333333 -70.3322 -78.2812666666667 -64.7482333333333 -69.4247333333333 5.2
-67.8229333333333 -72.5359 -71.3900333333333 -79.5937333333333 -64.1188333333333 -68.3377666666667 5.2
-67.5474333333333 -71.4918666666667 -69.9896 -77.9340333333333 -63.6983333333333 -67.6412 5.2
-68.0312666666667 -71.5752 -69.7708333333333 -78.3102 -63.4049333333333 -68.2231 5.2
-68.2060333333333 -71.6146 -70.6736 -77.7754666666667 -62.6796666666667 -68.9308666666667 5.2
-66.3356333333333 -71.9722333333333 -70.2986 -78.3402666666667 -63.8139 -69.2475 5.2
-67.3449 -70.3298333333333 -69.6354 -79.0439666666667 -64.9729666666667 -69.0549 5.2
-67.1423666666667 -68.9652666666667 -69.4745333333333 -78.7870333333333 -64.7332666666667 -69.0994666666667 5.2
-65.9352 -69.5983666666667 -69.2627333333333 -78.5659666666667 -64.3712666666667 -69.3570666666667 5.2
-68.1481333333333 -70.9259333333333 -70.8264 -78.9722333333333 -63.2362333333333 -69.2779 5.2
-69.6032 -68.6269666666667 -72.9206333333333 -82.4047333333333 -49.0082333333333 -65.3444 5.3
-69.5 -69.2381 -72.3412666666667 -82.0793666666667 -49.3983333333333 -65.6583666666667 5.3
-69.5317333333333 -69.3651 -72.7539666666667 -82.5079333333333 -49.3789333333333 -65.1597 5.3
-70.0714 -69.873 -74 -82.7381 -49.2024666666667 -65.0595333333333 5.3
-68.6825333333333 -68.1349 -72.2857 -81.5873 -48.1787666666667 -64.1671666666667 5.3
-69.4127 -68.7142666666667 -72.5873 -82.0952333333333 -48.5301666666667 -64.6118666666667 5.3
-70.2142666666667 -69.2698666666667 -72.7698333333333 -83.0317666666667 -48.4578 -64.3060666666667 5.3
-69.9682333333333 -68.6904666666667 -72.3888666666667 -82.8174666666667 -49.0701 -64.8298333333333 5.3
-69.1349 -67.8968 -71.5952 -82.1508 -50.0096333333333 -64.9591333333333 5.3
-69.8254 -69.0873 -72.127 -82.2539666666667 -50.1649666666667 -65.3023666666667 5.3
-68.0519333333333 -71.3549666666667 -77.6915 -77.0935333333333 -57.8661666666667 -66.2178666666667 5.4
-68.3583333333333 -71.6303 -77.9398 -78.2228 -57.4594666666667 -65.0669666666667 5.4
-70.9828333333333 -71.3074 -77.4571666666667 -79.225 -58.6681333333333 -65.1922333333333 5.4
-71.5419333333333 -71.2217 -77.6345 -79.1324 -58.6057333333333 -66.9365 5.4
-70.7636333333333 -71.2792666666667 -76.2907333333333 -79.0774333333333 -56.8722333333333 -65.6245 5.4
-70.5342666666667 -70.7771 -76.5293666666667 -78.7592666666667 -57.3347666666667 -64.9089333333333 5.4
-70.1363666666667 -70.6 -76.2373 -79.1352 -58.8387666666667 -66.3837 5.4
-70.7747333333333 -69.7257666666667 -75.4972333333333 -79.0665 -58.9208 -65.4926666666667 5.4
-70.6838333333333 -69.8028666666667 -75.2571666666667 -78.4102 -57.0881333333333 -65.6035 5.4
-70.0888 -69.6092666666667 -75.3261666666667 -78.3657333333333 -56.8634 -65.2724 5.4
-68.4285666666667 -69.1041666666667 -78.0922666666667 -82.75 -61.7466 -68.5819666666667 5.5
-67.6654666666667 -67.7678666666667 -78.5059666666667 -82.9643 -60.6097666666667 -67.5437 5.5
-68.5268 -67.8625 -77.9023666666667 -82.0452333333333 -60.4361 -67.6076666666667 5.5
-67.4613 -67.4801666666667 -77.9851333333333 -81.5410666666667 -61.6739666666667 -68.0659 5.5
-67.5535666666667 -68.0297666666667 -77.5565333333333 -82.4523666666667 -61.7556666666667 -67.8770333333333 5.5
-66.7857 -68.6666666666667 -77.5059666666667 -82.0773666666667 -61.6834333333333 -67.8383333333333 5.5
-67.5226333333333 -68.2291666666667 -77.3898666666667 -82.1339333333333 -61.3125666666667 -68.1270666666667 5.5
-68.4375 -69.05 -77.4143 -81.6256 -61.743 -67.9093666666667 5.5
-66.9613 -68.2956333333333 -78.1666666666667 -82.0440333333333 -61.4252 -67.7206333333333 5.5
-67.6339333333333 -68.3928666666667 -77.7648666666667 -82.0268 -61.3034 -67.8701 5.5
-73.1371 -71.5148 -75.875 -81.7271666666667 -71.5085333333333 -62.6081333333333 6.1
-73.1828 -70.7123666666667 -75.4879 -81.7782333333333 -71.8990666666667 -63.3192 6.1
-74.4153333333333 -71.1182666666667 -75.6115666666667 -82.7231333333333 -71.1218333333333 -62.6988 6.1
-73.7406 -70.5497333333333 -75.5215 -82.6357666666667 -70.8466333333333 -63.3122666666667 6.1
-73.1975666666667 -69.7984 -74.8293 -81.7768666666667 -71.6362333333333 -63.5051 6.1
-73.5 -69.5752666666667 -75.5282333333333 -81.3951666666667 -71.8369666666667 -63.0268666666667 6.1
-72.6935333333333 -69.7809 -76.1330666666667 -81.6814666666667 -69.9527333333333 -63.0976 6.1
-73.1828 -69.9153333333333 -75.5497333333333 -81.6639666666667 -70.1855666666667 -62.8952666666667 6.1
-72.6371 -70.0806333333333 -75.5080666666667 -81.7365666666667 -70.9033333333333 -63.359 6.1
-72.1465 -70.5605 -75.4166666666667 -82.6330666666667 -70.9207333333333 -62.3817 6.1
-66.917 -67.2890333333333 -76.7934666666667 -79.9985666666667 -62.4999666666667 -64.5109 6.2
-65.3451 -66.8004666666667 -76.2734666666667 -80.0436666666667 -62.7618666666667 -64.1099333333333 6.2
-65.3111 -67.4290333333333 -76.2860333333333 -79.8651 -62.6632666666667 -64.5331 6.2
-65.7857 -67.7985666666667 -76.7993666666667 -80.7301333333333 -62.7036666666667 -64.6943666666667 6.2
-65.8146 -66.4317666666667 -76.1652333333333 -80.5714333333333 -63.1844 -64.2296666666667 6.2
-67.8543 -67.2855666666667 -77.1341333333333 -81.4325333333333 -61.9600666666667 -63.4219333333333 6.2
-67.2689 -67.2938 -76.2633333333333 -81.123 -62.8688333333333 -63.6095 6.2
-67.0096666666667 -67.1476333333333 -76.4614333333333 -80.8015666666667 -62.7880666666667 -63.6599333333333 6.2
-67.4325333333333 -67.1934666666667 -77.3154 -80.7896666666667 -63.2570333333333 -64.3297666666667 6.2
-65.3792 -64.7976333333333 -75.4341333333333 -80.5198666666667 -63.3508333333333 -65.1928333333333 6.2
-65.5128333333333 -69.2094 -78.5470333333333 -83.9216333333333 -62.1687 -58.9409 6.3
-66.3262333333333 -70.3404333333333 -79.1239666666667 -84.7806333333333 -62.1560333333333 -58.8529333333333 6.3
-65.4928666666667 -69.7948666666667 -78.8632666666667 -85.0213666666667 -61.8891333333333 -58.9075 6.3
-66.2065333333333 -70.0755 -79.5512666666667 -84.2806333333333 -61.9236 -59.4394333333333 6.3
-65.5655 -69.7436 -78.4059666666667 -85.0712 -61.8376666666667 -58.5953 6.3
-65.5285 -69.6054 -78.6552666666667 -84.7806333333333 -62.1076 -58.5437 6.3
-65.7093666666667 -70.6168 -78.3646666666667 -84.8276666666667 -62.1584 -58.6746666666667 6.3
-66.1481333333333 -69.6339333333333 -79.0826333333333 -84.2108333333333 -62.1596333333333 -58.8431 6.3
-66.6980333333333 -69.2421666666667 -78.6253333333333 -84.1837333333333 -62.3411 -59.1834 6.3
-66.0655333333333 -69.5755 -78.8533 -84.2279 -61.883 -58.3086333333333 6.3
-70.3333333333333 -68.3194333333333 -71.0139 -81.8333333333333 -62.8698666666667 -63.9875333333333 6.4
-69.2777666666667 -68.8611 -70.8333333333333 -81.4722333333333 -63.0910666666667 -63.5349 6.4
-70.4166666666667 -69.25 -72.1944333333333 -81.8472333333333 -62.4617333333333 -63.1868 6.4
-69.5833333333333 -71.2916666666667 -71.1389 -81.1111 -62.9543333333333 -63.4032 6.4
-70.875 -70.8194333333333 -72.8611 -82.6111 -62.8881333333333 -63.7156666666667 6.4
-71.5 -71.0277666666667 -72.5555666666667 -82.8472333333333 -64.2840333333333 -64.0054666666667 6.4
-71.25 -72.8333333333333 -73.3194333333333 -82.5972333333333 -62.421 -63.7062 6.4
-71.7083333333333 -70 -72.0972333333333 -80.9027666666667 -63.5977 -63.8055666666667 6.4
-71.7083333333333 -71.2222333333333 -72.7777666666667 -81.4027666666667 -62.8978666666667 -63.3850333333333 6.4
-70.4027666666667 -71.1805666666667 -71.7916666666667 -82.2777666666667 -62.9198 -62.4651666666667 6.4
-67.5555666666667 -71.4222333333333 -73.4222 -77.8 -62.2912 -65.8865 6.5
-67.3333333333333 -71.7666666666667 -73.7 -78.4111 -63.0257666666667 -65.9169666666667 6.5
-66.2777666666667 -71.7222333333333 -72.7888666666667 -77.3 -62.0514666666667 -66.3292666666667 6.5
-67.2666666666667 -71.9 -72.6222333333333 -77.6 -62.1185333333333 -66.0602 6.5
-67.5777666666667 -72.1555333333333 -74.3889 -77.5889 -62.5598 -65.0190666666667 6.5
-66.7333333333333 -71.6555666666667 -71.9333333333333 -77.7889 -61.8746 -65.0456666666667 6.5
-66.5222333333333 -72.6555666666667 -73.5 -77.7666666666667 -62.3181 -67.3838333333333 6.5
-68.2111 -71.7555333333333 -72.8666666666667 -77.7 -62.0023333333333 -68.1574666666667 6.5
-67.1888666666667 -72.1778 -74 -78.0111333333333 -62.2681 -67.6422 6.5
-67.6333333333333 -72.0666666666667 -73.3777666666667 -78.3111333333333 -63.2466666666667 -66.5084666666667 6.5
-77.2222333333333 -75.0555666666667 -80.7222333333333 -75.8333333333333 -73.5264333333333 -61.1932666666667 7.1
-76.7222333333333 -76.8333333333333 -81.6111 -77.1111 -72.8238666666667 -61.1477666666667 7.1
-75.5 -75.3333333333333 -80.6111 -75.8889 -72.9316666666667 -61.3044666666667 7.1
-76.0555666666667 -78.2222333333333 -81 -77 -71.3999333333333 -60.9259333333333 7.1
-75.1111 -75.1111 -81.2777666666667 -73.8333333333333 -71.7169333333333 -61.5173666666667 7.1
-75.5555666666667 -77.3333333333333 -81.1666666666667 -75.6111 -72.2288 -60.6200333333333 7.1
-76.0555666666667 -75.4444333333333 -79.7222333333333 -75.3333333333333 -71.8205333333333 -61.8866 7.1
-77.3333333333333 -75.6111 -80.7777666666667 -75.7777666666667 -71.8532333333333 -61.2924666666667 7.1
-77.9444333333333 -78.3333333333333 -81.1666666666667 -77.3889 -74.4953666666667 -62.2656666666667 7.1
-76.3889 -78 -80.4444333333333 -75.7777666666667 -74.7579333333333 -62.2498 7.1
-79.4811666666667 -68.8357666666667 -74.4982333333333 -75.724 -69.9164333333333 -62.0336333333333 7.2
-80.695 -70.3881 -75.4521666666667 -77.3362333333333 -69.7546 -61.1724333333333 7.2
-79.9581333333333 -69.2698666666667 -74.476 -77.3545666666667 -69.4607666666667 -61.0578333333333 7.2
-79.1661666666667 -68.2196333333333 -73.5317333333333 -75.2164333333333 -69.2637666666667 -61.1822666666667 7.2
-79.2663666666667 -69.1075666666667 -73.8531666666667 -76.543 -69.8226666666667 -61.5484333333333 7.2
-80.0009666666667 -69.2624666666667 -74.4064333333333 -76.6737333333333 -70.5057333333333 -62.0913 7.2
-79.1384666666667 -68.6135333333333 -73.8074 -76.3523333333333 -70.0899333333333 -62.0942 7.2
-79.2814666666667 -68.9700333333333 -74.3697333333333 -76.4473333333333 -69.6395333333333 -62.1319333333333 7.2
-79.2876 -68.5713333333333 -74.3333333333333 -77.2524666666666 -69.5849666666667 -61.6183 7.2
-79.7446333333333 -69.1529666666667 -74.4853666666667 -76.6138333333333 -68.4336 -61.51 7.2
-78.2777666666667 -77.5777666666667 -70.5 -78.7 -74.8772333333333 -43.5499666666667 7.3
-78.9666666666667 -76.7555666666667 -70.5889 -78.2111 -76.4291333333333 -45.6119333333333 7.3
-78.1 -76.7555666666667 -69.8889 -77.6666666666667 -75.6967 -45.7044666666667 7.3
-77.2 -76.0111 -68.3111 -76.1333333333333 -76.1848333333333 -45.2593333333333 7.3
-76.2333333333333 -75.9889 -68.3111 -74.4444333333333 -75.6792 -44.9381333333333 7.3
-77.6666666666667 -76.9111 -68.7889 -76.2555666666667 -75.6511666666667 -43.5972666666667 7.3
-77.4777666666667 -74.3111 -68.0666666666667 -76 -73.7809 -44.3953 7.3
-77.7222333333333 -75.6222333333333 -69.7 -77.7666666666667 -75.1582 -44.0877 7.3
-78.5444333333333 -75.4555666666667 -69.7666666666667 -78.0889 -75.2045 -44.8041333333333 7.3
-78.6555666666667 -75.6777666666667 -69.7 -78.3 -74.8532666666667 -45.2435 7.3
-78.1658666666667 -77.4492 -72.1785666666667 -77.2214333333333 -68.1556333333333 -56.7667 7.4
-77.7777666666667 -77.0746 -71.7262 -76.4643 -67.2263 -55.8396 7.4
-76.6746 -75.4976333333333 -70.9515666666667 -77.0865333333333 -67.1023333333333 -56.5305 7.4
-76.1436666666667 -77.3190333333333 -70.7603333333333 -76.3206333333333 -67.9015 -56.8933666666667 7.4
-75.5476333333333 -79.0381 -70.2222333333333 -75.3762 -68.2614333333333 -56.7185 7.4
-76.123 -77.1309666666667 -69.9841333333333 -76.1889 -68.5369333333333 -56.1835 7.4
-75.8285666666667 -75.5595333333333 -71.9762 -77.0984333333333 -68.4983333333333 -56.3882666666667 7.4
-77.2063333333333 -75.2595333333333 -71.2682333333333 -77.0127 -68.7067666666667 -55.9509 7.4
-77.8428666666667 -76.7936666666667 -72.6920666666667 -77.1428666666667 -67.3909333333333 -55.4395666666667 7.4
-76.1619 -74.4793666666667 -71.6984333333333 -75.5111 -67.6742333333333 -55.7862666666667 7.4
-74.8589666666667 -69.0897333333333 -71.9871666666667 -78.7820666666667 -65.0054666666667 -57.1162333333333 7.5
-74.7692333333333 -69.1025666666667 -73.2307666666667 -78.6538333333333 -65.1715 -57.7313333333333 7.5
-74.2820666666667 -68.0384666666667 -71 -78.5769333333333 -65.0173333333333 -59.3716666666667 7.5
-75.0256333333333 -69.2692333333333 -71.9615333333333 -80.7179333333333 -66.6695666666667 -57.406 7.5
-74.7564 -68.9102666666667 -73.3205 -79.6795 -66.6936666666667 -59.4750666666667 7.5
-74.2692333333333 -68.2051333333333 -70.6025666666667 -79.5 -66.7828666666667 -60.2051 7.5
-73.3846 -68.7820666666667 -71.7820666666667 -78.3718 -64.8409 -58.2792666666667 7.5
-72.7436 -68 -72.4871666666667 -78.8077 -65.3372 -59.7301333333333 7.5
-73.3461666666667 -68.8974333333333 -71.3461666666667 -79 -66.0892666666667 -58.5082666666667 7.5
-73.4615333333333 -68.4871666666667 -71.4615333333333 -79.7820666666667 -65.6913 -58.4072666666667 7.5
-83.1944333333333 -74.5277666666667 -77.8055666666667 -79.1944333333333 -70.4788666666667 -66.1738 8.1
-82.5555666666667 -73.4166666666667 -76.6944333333333 -79.1111333333333 -70.2504 -65.7038333333333 8.1
-82.9722 -72.25 -75.7777666666667 -78.1666666666667 -71.2283333333333 -66.1957 8.1
-83.3333333333333 -73.4444333333333 -76.0833333333333 -78.2222333333333 -70.9446 -66.3769333333333 8.1
-82.2778 -72.5278 -75.3888666666667 -77 -71.2957 -66.3704 8.1
-81.3055333333333 -72.5 -75.0555666666667 -76.1389 -71.2648333333333 -66.4181333333333 8.1
-82.0555666666667 -72.7777666666667 -76.0278 -76.6389 -70.9553333333333 -66.1886666666667 8.1
-82.8611 -73.6111333333333 -76.9166666666667 -77.3611 -71.5005 -66.3964333333333 8.1
-82.1389 -73.3611 -75.5833333333333 -74.6944666666667 -71.5628 -66.7117333333333 8.1
-82.9166666666667 -73.1666666666667 -76.4444666666667 -75.5555666666667 -70.9199666666667 -66.3578 8.1
-73.1777666666667 -70.8148 -75.9666666666667 -78.1703666666667 -68.6338 -53.0716666666667 8.2
-72.3407666666667 -70.0481333333333 -75.9074333333333 -77.7518333333333 -68.4008333333333 -53.6601 8.2
-75.2555666666667 -71.4 -76.5851666666667 -79.2888666666667 -68.5107 -52.4680333333333 8.2
-75.5444333333333 -70.1444666666667 -75.9740666666667 -80.0814666666667 -69.026 -53.2526333333333 8.2
-73.3111333333333 -70.7740666666667 -76.2814666666667 -79.6148333333333 -68.6053333333333 -59.8428333333333 8.2
-73.5 -71.7629666666667 -77.4370333333333 -80.1037 -69.4253333333333 -52.8799333333333 8.2
-73.1963 -72.7481666666667 -77.3518666666667 -79.9777666666667 -68.2936666666667 -58.553 8.2
-72.7815 -71.7 -77.0481333333333 -79.5518333333333 -68.2617 -52.3129333333333 8.2
-72.8481666666667 -71.9185333333333 -76.8037 -79.5963 -68.0430333333333 -53.4569 8.2
-73.6703666666667 -72.2555666666667 -77.3037 -80.1777666666667 -68.1599666666667 -53.1576 8.2
-76.0714333333333 -71.1190666666667 -75.3214333333333 -80.3095333333333 -67.4383 -44.3167333333333 8.3
-76.3452333333333 -71.5119333333333 -75.7023666666667 -81.25 -68.1638 -44.3486333333333 8.3
-78.4524 -71.8690666666667 -77.1309333333333 -82.2380666666667 -68.8646333333333 -44.5835333333333 8.3
-76.1785666666667 -70.6190666666667 -76.7262 -81.3809333333333 -67.9544333333333 -44.6936333333333 8.3
-75.9880666666667 -71.2381 -77.5714333333333 -79.0119 -67.7389 -43.9305333333333 8.3
-76.6428333333333 -71.0714333333333 -77.1666666666667 -77.7142666666667 -69.257 -43.9937666666667 8.3
-76.2976333333333 -71.3214333333333 -77.1309333333333 -77.2857333333333 -69.2441 -43.9404 8.3
-77.0238 -72.4047666666667 -77.8452333333333 -77.9524 -69.8186 -43.9944333333333 8.3
-76.3690333333333 -70.4643 -76.2976 -77.4762 -70.1343 -44.1493666666667 8.3
-76.9166666666667 -70.8095 -76.3928333333333 -78.75 -69.6389666666667 -43.7358666666667 8.3
-67.8354666666667 -75.4235 -69.3406 -75.6017 -67.5541 -52.4181 8.4
-67.3626 -75.3767 -68.9301333333333 -75.8198666666667 -67.7077666666667 -53.0397 8.4
-67.3049 -75.5344 -69.0972333333333 -75.3837666666667 -67.9496 -52.3879333333333 8.4
-66.5711666666667 -75.7171 -68.7760666666667 -74.8938 -68.3734666666667 -52.5164 8.4
-67.2074666666667 -75.8104666666667 -68.4463666666667 -75.2186 -68.4664 -52.3063333333333 8.4
-67.8668666666667 -75.5842 -69.3923 -75.4527666666667 -68.9426 -52.4469 8.4
-68.3495666666667 -76.2587666666667 -69.8688 -75.7357 -68.5809666666667 -52.5072666666667 8.4
-68.0215666666667 -75.9322666666667 -69.6818333333333 -75.7124 -67.0052666666667 -52.1638 8.4
-67.5493666666667 -75.4087666666667 -69.0568333333333 -75.4094 -68.1035 -52.3764 8.4
-68.6440333333333 -76.2111 -69.8119666666667 -76.1344 -68.2003666666667 -52.2653333333333 8.4
-68.4629666666667 -73.4509333333333 -74.7074 -84.6944333333333 -64.9159333333333 -59.0258666666667 8.5
-67.975 -73.7972333333333 -74.5898 -84.1231333333333 -65.2553 -58.6094666666667 8.5
-69.9426 -74.5555666666667 -74.7426 -84.6139 -66.6072666666667 -59.5192333333333 8.5
-69.4564666666667 -74.6814666666667 -74.825 -84.6352 -65.6355333333333 -58.2939333333333 8.5
-69.1537 -73.4805666666667 -74.0963 -83.725 -63.8534 -58.6199333333333 8.5
-67.8092666666667 -74.2361 -73.7824 -84.1907333333333 -65.0064333333333 -58.3781333333333 8.5
-68.6481333333333 -74.4935333333333 -74.4564666666667 -83.6889 -64.9942666666667 -58.059 8.5
-68.4666666666667 -74.4740666666667 -74.2074 -83.4370333333333 -65.5925333333333 -57.7101333333333 8.5
-69.6537 -75.2703666666667 -74.9527666666667 -84.0629666666667 -65.0840333333333 -58.1585 8.5
-68.9620333333333 -74.7259333333333 -74.6361 -83.8898 -64.4698333333333 -57.9029333333333 8.5
-80.7166666666667 -78.0444333333333 -73.3444333333333 -73.8166666666667 -68.3320333333333 -63.7099666666667 9.1
-80.3277666666667 -77.7666666666667 -72.65 -73.3944333333333 -68.1026666666667 -63.2363 9.1
-80.6944333333333 -78.3055666666667 -73.2833333333333 -73.5333333333333 -68.0014333333333 -63.2561333333333 9.1
-80.85 -77.9889 -73.2722333333333 -73.7833333333333 -67.8210333333333 -62.4247 9.1
-81.5111 -78.7166666666667 -74.0111 -74.1666666666667 -67.5583333333333 -62.7969666666667 9.1
-80.4444333333333 -78.1722333333333 -73.7055666666667 -74.0777666666667 -67.1051 -62.1224333333333 9.1
-80.7222333333333 -78.7555666666667 -73.5444333333333 -74.1222333333333 -66.9149666666667 -62.1803 9.1
-80.7722333333333 -78.7889 -73.2222333333333 -73.1722333333333 -67.6313333333333 -62.7786333333333 9.1
-81.2777666666667 -79.1055666666667 -73.8333333333333 -73.1722333333333 -67.6287333333333 -62.7076333333333 9.1
-81.2777666666667 -78.7166666666667 -73.4722333333333 -73.3611 -68.2140666666667 -62.7697333333333 9.1
-75.887 -77.7519 -72.3238666666667 -70.1997333333333 -71.1954666666667 -58.0398333333333 9.2
-75.3786333333333 -77.4934 -71.7986 -69.4437666666667 -71.0855 -56.568 9.2
-76.1584 -77.5232 -71.9636666666667 -69.6432666666667 -70.5073 -56.6314333333333 9.2
-76.1849 -77.6701666666667 -72.0944333333333 -69.5562 -69.851 -56.6693 9.2
-76.7390666666667 -77.8686 -72.4172666666667 -70.2158 -71.7750333333333 -56.8840666666667 9.2
-76.1573 -77.3279333333333 -71.5232333333333 -69.0310333333333 -72.4474666666667 -58.5912666666667 9.2
-76.5094 -77.6815 -71.7558666666667 -69.437 -72.5136 -58.2444666666667 9.2
-75.9680666666667 -77.3227 -72.1631666666667 -69.2826 -71.7953 -56.8310333333333 9.2
-75.2636 -77.4946333333333 -71.8644 -69.7439333333333 -71.9174 -57.4471666666667 9.2
-74.9223333333333 -77.0142666666667 -71.5590666666667 -70.0113 -71.4688333333333 -56.702 9.2
-77.6085666666667 -75.2986 -69.6077 -67.6617666666667 -72.9159333333333 -50.8482333333333 9.3
-78.8224 -75.5600333333333 -69.8367666666667 -68.3541 -73.1376333333333 -50.6482 9.3
-79.1025333333333 -75.2137 -69.1689333333333 -68.2555 -72.9906333333333 -51.2325333333333 9.3
-78.9556666666667 -75.1329333333333 -69.6037666666667 -67.7280333333333 -72.8500333333333 -51.5361 9.3
-78.7339666666667 -74.5877333333333 -68.6664333333333 -67.1092666666667 -73.1081333333333 -50.9908666666667 9.3
-79.4871333333333 -75.5856666666667 -69.7635 -68.4352666666667 -73.8504 -51.3984333333333 9.3
-78.9585666666667 -75.5589666666667 -69.9803333333333 -68.4126 -74.155 -52.1498 9.3
-78.774 -75.6458333333333 -70.0643 -68.4665 -74.6854666666667 -51.8938 9.3
-78.5596666666667 -75.1427666666667 -69.8869666666667 -68.0364666666667 -73.8842 -51.0694666666667 9.3
-79.1411666666667 -75.3234 -69.4735666666667 -67.6083666666667 -73.0923333333333 -50.9272666666667 9.3
-69.6090666666667 -75.4648 -65.0589333333333 -74.796 -71.7737 -61.1676333333333 9.4
-69.788 -76.7114666666667 -65.6830666666667 -75.4196666666667 -72.3286666666667 -61.6653333333333 9.4
-69.0498666666667 -75.9685666666667 -65.5101333333333 -74.9607 -72.4189666666667 -61.4876666666667 9.4
-69.5692333333333 -76.0555333333333 -65.6365 -75.0363666666667 -71.497 -61.5240666666667 9.4
-68.5155333333333 -75.9426333333333 -65.1728 -74.3071666666667 -71.2721333333333 -61.4883 9.4
-69.4845 -75.9986333333333 -64.6907333333333 -74.5317333333333 -72.2459333333333 -61.5237333333333 9.4
-68.661 -77.2302333333333 -64.5844 -74.0192333333333 -71.3519333333333 -61.5325 9.4
-68.548 -76.6808333333333 -64.1619 -74.1961666666667 -72.1702666666666 -62.1278 9.4
-68.8943 -76.7883 -64.2374333333333 -74.2822333333333 -71.5541 -61.4066 9.4
-69.1189666666667 -76.9352333333333 -64.4256333333333 -74.3127 -71.3111 -61.1030333333333 9.4
-73.6477 -77.8428333333333 -63.4011 -74.7235666666667 -70.9222333333333 -60.3308 9.5
-74.9065 -78.0366 -64.5515 -73.9363 -71.3525 -60.6927666666667 9.5
-73.0515 -77.4891666666667 -64.0908 -72.4011 -70.3813333333333 -60.2842333333333 9.5
-74.5623333333333 -78.9485 -65.8658666666667 -73.5542 -70.9216666666667 -60.7763666666667 9.5
-72.729 -78.7168 -65.8726333333333 -75.2655666666667 -71.1635333333333 -60.5160666666667 9.5
-73.8225 -79.771 -66.3360333333333 -73.7059666666667 -71.1095666666667 -60.5968666666667 9.5
-74.7073333333333 -78.5433666666667 -66.9702 -74.4620666666667 -69.2749666666667 -59.7431 9.5
-74.8347 -79.0813 -65.8048666666667 -72.0596333333333 -70.4822666666667 -60.1663666666667 9.5
-73.2886333333333 -78.2317 -64.7263 -73.4092 -70.3282333333333 -60.1384 9.5
-74.6084 -77.8401 -65.5935 -74.8699333333333 -70.4719666666667 -60.2985333333333 9.5
-83.2146 -78.2437333333333 -70.1171 -53.4754333333333 -69.7783333333333 -63.0622 10.1
-83.2065666666667 -77.8785 -70.3095 -53.9125666666667 -69.2975 -62.8901 10.1
-82.8497 -77.2210666666667 -70.3725 -53.4722333333333 -70.2976333333333 -63.1089 10.1
-82.7065666666667 -77.7931666666667 -70.4169666666667 -52.6776333333333 -69.0653 -63.4363333333333 10.1
-82.6827666666667 -76.9111 -70.4915333333333 -52.7368333333333 -69.3048 -62.0843333333333 10.1
-82.6671 -78.0862333333333 -69.7210666666667 -54.5139 -69.6044 -61.6886 10.1
-83.2307 -79.0276333333333 -70.3391666666667 -54.4308333333333 -69.8147 -62.3257 10.1
-82.7166666666667 -77.7087666666667 -70.2426666666667 -54.0972333333333 -69.9201333333333 -62.6994666666667 10.1
-83.3837666666667 -78.6551333333333 -70.6155 -53.0744333333333 -69.0427666666667 -62.1447333333333 10.1
-83.0421 -77.2443 -70.3019 -52.1893333333333 -69.9165666666667 -61.4562333333333 10.1
-75.1416666666667 -75.9777666666667 -70.3305666666667 -69.225 -68.0979 -57.4537666666667 10.2
-76.1944333333333 -75.7055666666667 -70.4055333333333 -68.4 -68.8927666666667 -58.5815 10.2
-74.5861 -73.2889 -69.9639 -68.6472 -69.1089 -58.3584333333333 10.2
-74.8277666666667 -73.4111333333333 -70.2583333333333 -68.3889 -69.1559 -58.3761333333333 10.2
-74.9694666666667 -75.375 -70.9166666666667 -68.9305666666667 -68.3842333333333 -58.3569333333333 10.2
-75.0944333333333 -75.0916666666667 -70.5778 -67.8778 -68.5829333333333 -58.1765 10.2
-74.5666666666667 -72.6166666666667 -69.7222 -68.5722333333333 -68.1532 -57.4512666666667 10.2
-74.975 -72.9694666666667 -70.0222333333333 -67.8333333333333 -69.1753333333333 -57.8104333333333 10.2
-75.0055666666667 -75.1972333333333 -69.95 -68.1027666666667 -67.5789 -57.5455333333333 10.2
-74.3083333333333 -74.2194333333333 -69.7361333333333 -67.625 -68.1092333333333 -57.9751 10.2
-74.7661666666667 -77.5795333333333 -67.8192666666667 -68.9711333333333 -74.8367666666667 -64.1887666666667 10.3
-74.5313666666667 -77.7223 -67.2435 -67.4581333333333 -74.8582333333333 -62.4229 10.3
-73.7573333333333 -77.3955666666667 -66.1317666666667 -67.6617 -73.7643 -59.9884 10.3
-73.6205666666667 -77.4713 -66.4925333333333 -68.8461333333333 -73.9712333333333 -63.8707 10.3
-72.4247333333333 -76.9229 -66.7901 -68.1403 -73.9113666666667 -61.1860666666667 10.3
-73.4414 -78.0699666666667 -67.2730333333333 -67.4345 -73.3052 -63.0971666666667 10.3
-73.3793666666667 -77.4578333333333 -67.0886666666667 -69.2426666666667 -73.4685333333333 -62.0929 10.3
-72.7196 -77.6944 -67.2332666666667 -68.8364333333333 -73.6704333333333 -61.0108666666667 10.3
-71.8761666666667 -76.4735666666667 -65.6965333333333 -66.8394333333333 -73.0802666666667 -61.6597666666667 10.3
-72.2422 -77.5018333333333 -66.6648 -67.9262333333333 -73.1119 -60.5618 10.3
-73.8232666666667 -80.3202666666667 -60.9046333333333 -72.8534 -72.0224 -56.2848666666667 10.4
-73.5343666666667 -79.8934666666667 -60.5487 -71.0453666666667 -71.3630666666667 -55.953 10.4
-72.9968 -80.8578333333333 -59.8757666666667 -71.3309 -73.6806666666667 -55.692 10.4
-74.4698666666667 -80.7473 -60.82 -73.0324 -70.6861333333333 -56.1598333333333 10.4
-73.7718333333333 -81.1987 -60.4209 -71.2722666666667 -71.5410666666667 -55.5447666666667 10.4
-72.6189 -81.3813666666667 -59.4904666666667 -70.9982333333333 -71.1888666666667 -56.0030666666667 10.4
-73.7262 -81.3857 -60.7775 -73.1317666666667 -71.5511 -55.9542333333333 10.4
-73.2863333333333 -80.9359333333333 -60.3013 -72.1290333333333 -72.9510333333333 -57.0329333333333 10.4
-73.4471 -81.3029333333333 -60.5463333333333 -70.8987666666667 -73.1762 -57.52 10.4
-73.6738 -81.3542333333333 -60.8458 -72.1331333333333 -71.7303333333333 -56.9952333333333 10.4
-76.1477333333333 -79.0967 -49.7389666666667 -77.3142333333333 -71.2516333333333 -60.2591 10.5
-75.0228666666667 -79.0773 -48.6303333333333 -76.1605666666667 -71.4775666666667 -60.1862666666667 10.5
-75.4422666666667 -79.8657333333333 -48.2563333333333 -76.2131333333333 -71.3900666666667 -60.4191666666667 10.5
-74.5940666666667 -78.467 -48.4112666666667 -76.6982666666667 -71.0747 -61.0266666666667 10.5
-76.5126666666666 -79.0622666666667 -49.8776333333333 -78.0823 -70.8879666666667 -60.4128333333333 10.5
-76.2175 -78.9042333333333 -49.605 -77.4119 -71.2904333333333 -59.4999666666667 10.5
-75.0497666666667 -78.5919 -48.5896666666667 -76.2701333333333 -71.2306 -60.0175666666667 10.5
-74.7724666666667 -78.5436666666667 -48.1333333333333 -75.9364666666667 -70.3913 -59.6060333333333 10.5
-75.6864 -79.5327 -49.1145666666667 -77.3561666666667 -70.3794 -59.3054666666667 10.5
-74.6525666666667 -78.8901333333333 -48.6904333333333 -76.4976666666667 -70.367 -58.5244666666667 10.5
