-53.0611 -64.9880666666667 -81.5163 -87.0331666666667 1.1
-52.2466333333333 -64.8562666666667 -82.3245333333333 -86.3631 1.1
-52.5101666666667 -65.372 -82.6396333333333 -87.1128333333333 1.1
-52.6337333333333 -65.0909 -82.0393666666667 -86.9924666666667 1.1
-52.5845 -64.6097666666667 -81.029 -87.5157333333333 1.1
-52.5466333333333 -64.667 -81.6810333333333 -87.8148666666667 1.1
-51.9948333333333 -64.9222 -81.8122666666667 -87.7689333333333 1.1
-52.2681 -65.4096 -80.5243666666667 -86.9392333333333 1.1
-52.5650333333333 -64.9239666666667 -80.5614 -87.1418666666667 1.1
-52.4881333333333 -65.0517333333333 -80.5403666666667 -87.5286333333333 1.1
-59.8814666666667 -61.3285333333333 -78.077 -87.1320333333333 1.2
-59.6102333333333 -60.7504333333333 -77.8014333333333 -86.9494666666667 1.2
-59.6698333333333 -60.6080666666667 -77.7671 -87.2319 1.2
-59.5273666666667 -59.8640333333333 -77.4314666666667 -87.0188333333333 1.2
-59.5571 -59.8588333333333 -77.6065333333333 -87.7054333333333 1.2
-59.2764666666667 -61.1848666666667 -77.8307 -87.9495666666667 1.2
-59.5739666666667 -60.8030333333333 -77.8391333333333 -87.8264666666667 1.2
-59.6771333333333 -60.5328 -78.1710333333333 -87.8676333333333 1.2
-59.6754 -60.3090333333333 -78.3886666666667 -86.7750333333333 1.2
-59.6648 -59.7431333333333 -78.1471666666667 -86.9343 1.2
-66.2708333333333 -56.2926333333333 -83.7805333333333 -84.0942 1.3
-65.821 -56.4356 -83.3323666666667 -83.5700666666667 1.3
-66.4124 -56.9005666666667 -84.1302 -83.9654333333333 1.3
-66.0120666666667 -56.0745666666667 -83.835 -84.2824333333333 1.3
-65.7405333333333 -56.7782 -84.5895 -83.3634 1.3
-66.2886 -56.6034666666667 -84.1074666666667 -83.6636 1.3
-65.8695333333333 -56.0014 -84.0030666666667 -83.7737 1.3
-65.5471333333333 -55.8153666666667 -83.4332333333333 -83.7625666666667 1.3
-67.6721333333333 -56.4493333333333 -84.2774666666667 -84.3293333333333 1.3
-65.6477333333333 -55.3207666666667 -84.0279333333333 -83.8378333333333 1.3
-65.2319666666667 -47.5440333333333 -74.1361333333333 -77.2618 1.4
-66.0728666666667 -47.9672666666667 -74.2341666666667 -78.0192 1.4
-67.1256 -48.2413 -74.2112333333333 -78.7178333333333 1.4
-67.0166 -48.6668666666667 -74.3747333333333 -78.6756 1.4
-66.8047333333333 -48.5678333333333 -74.5954666666667 -78.3701333333333 1.4
-66.1974 -49.1872333333333 -74.3477666666667 -78.2973666666667 1.4
-65.6835 -46.9904 -73.6443 -77.1658333333333 1.4
-66.3344 -47.5388666666667 -74.2091333333333 -78.3501 1.4
-66.5591 -47.6865666666667 -74.0918 -77.5679333333333 1.4
-66.1984 -48.1072666666667 -74.0923666666667 -78.0137333333333 1.4
-65.6853666666667 -52.6639333333333 -83.2335333333333 -78.2986333333333 1.5
-65.9914333333333 -51.5109 -83.5686 -78.3136666666667 1.5
-65.3263 -52.2972666666667 -84.5857666666667 -78.2589 1.5
-64.7426666666667 -51.1824666666667 -84.2738666666667 -77.2992333333333 1.5
-65.1705666666667 -51.1200666666667 -84.1485333333333 -78.6582666666667 1.5
-67.4456 -51.9783333333333 -84.5785333333333 -79.4288333333333 1.5
-67.0873 -50.5990333333333 -85.1943666666667 -78.9374 1.5
-67.6317666666667 -51.8025333333333 -84.8148 -79.7772 1.5
-66.4124666666667 -51.676 -82.9998 -79.1025333333333 1.5
-65.6311666666667 -50.7105333333333 -86.3095333333333 -79.5465666666667 1.5
-60.4988333333333 -68.2589 -79.1533333333333 -85.4573333333333 2.1
-60.9940333333333 -67.6718666666667 -78.8289 -85.9020333333333 2.1
-61.5316333333333 -68.6150666666667 -79.4438666666667 -86.4478 2.1
-61.0180666666667 -67.7432 -79.2672 -86.234 2.1
-61.6400333333333 -68.1780666666667 -79.8309666666667 -86.6533666666667 2.1
-60.8917333333333 -68.1429333333333 -78.9076333333333 -86.4236333333333 2.1
-60.9646333333333 -67.8905333333333 -79.1528666666667 -86.0573666666667 2.1
-60.9416 -67.5499333333333 -79.2151 -85.9995666666667 2.1
-61.1535333333333 -68.2007333333333 -79.2163 -86.2041666666667 2.1
-61.1251333333333 -68.1231 -79.0479333333333 -85.9451666666667 2.1
-59.0768 -67.6928333333333 -76.3055666666667 -85.9738666666667 2.2
-59.8529666666667 -67.1258333333333 -76.1078333333333 -85.0179666666667 2.2
-60.2859333333333 -66.8856333333333 -76.3104333333333 -84.6764666666667 2.2
-60.366 -69.5817 -78.3937666666667 -85.0359333333333 2.2
-60.2745 -70.7875666666667 -78.5457666666667 -86.3055333333333 2.2
-60.0898666666667 -71.2597666666667 -78.9673 -85.5098 2.2
-59.6944333333333 -71.1470666666667 -78.9771333333333 -85.8414666666667 2.2
-59.5555333333333 -70.1029333333333 -78.6977 -85.9738666666667 2.2
-59.2271 -67.9314 -77.8039333333333 -85.9754666666667 2.2
-58.9624 -67.8545666666667 -77.3284 -86.5980333333333 2.2
-59.3148 -60.7010666666667 -76.2719 -89.6852 2.3
-59.2963 -61.3122 -76.3724333333333 -89.5926 2.3
-59.2619 -61.3095333333333 -76.3301 -89.9444333333333 2.3
-59.9259 -61.1428666666667 -76.2719 -89.2222333333333 2.3
-60.9444333333333 -61.2143 -76.4465333333333 -89.6111333333333 2.3
-60.2513333333333 -61.5634666666667 -76.8856666666667 -90.1111 2.3
-60.1296333333333 -61.3915333333333 -75.9015333333333 -89.7407666666667 2.3
-59.6640333333333 -61.2963 -76.2613333333333 -91.6852 2.3
-59.3333333333333 -61.1111 -76.5893666666667 -91.0555666666667 2.3
-59.6296333333333 -62.1137666666667 -76.5682 -91 2.3
-68.6363666666667 -56.4933333333333 -73.9357666666667 -76.5454666666667 2.4
-68.4969666666667 -56.9236333333333 -73.9478666666667 -76.8157666666667 2.4
-67.0097 -56.1551666666667 -73.5272666666667 -76.9745333333333 2.4
-69.3236333333333 -56.1466666666667 -74.4521333333333 -77.6472666666667 2.4
-68.5563666666667 -57.2654666666667 -74.2121333333333 -77.5139333333333 2.4
-68.4303 -55.9915 -74.2763666666667 -77.2194 2.4
-69.2254666666667 -58.2121333333333 -75.0581666666667 -77.9685 2.4
-67.3891 -58.0242333333333 -74.3527333333333 -77.3066666666667 2.4
-68.2969666666667 -56.2497 -73.7066666666667 -76.5527333333333 2.4
-68.3757666666667 -56.9624333333333 -74.1745333333333 -77.3660666666667 2.4
-68.1060666666667 -51.6454666666667 -83.4439333333333 -79.2969666666667 2.5
-67.5060666666667 -51.2424333333333 -83.3833333333333 -78.9 2.5
-68.7575666666667 -52.1272666666667 -83.7166666666667 -79.6969666666667 2.5
-68.9515 -51.3212 -83.9288 -79.7818333333333 2.5
-68.7424333333333 -51.9515 -83.9591 -79.6727333333333 2.5
-67.6727333333333 -51.4394 -84.4197 -79.7 2.5
-68.2121333333333 -52.5060666666667 -85.1833333333333 -80.3424333333333 2.5
-69.2757666666667 -50.0485 -83.9166666666667 -78.8394 2.5
-68.7878666666667 -52.5030333333333 -84.0985 -79.8121333333333 2.5
-68.8181666666667 -50.7363666666667 -83.8803 -81.3242333333333 2.5
-71.3586 -73.2777666666667 -79.6463666666667 -83.9242333333333 3.1
-73.3080666666667 -71.7525 -79.5857666666667 -86.6161333333333 3.1
-72.7222333333333 -73.1212 -79.8483666666667 -86.2777666666667 3.1
-71.8989666666667 -72.0505333333333 -79.1514 -85.4798 3.1
-72.4343333333333 -72.0353333333333 -79.2474 -85.6818333333333 3.1
-72.7171666666667 -71.9545333333333 -78.9595 -85.8889 3.1
-72.1111 -71.8232333333333 -79.2069666666667 -86.1161666666667 3.1
-71.9292666666667 -71.6565666666667 -78.4645333333333 -85.8131333333333 3.1
-72.8888666666667 -71.7272666666667 -79.2524333333333 -85.8383666666667 3.1
-72.5858333333333 -71.4545333333333 -79.1110333333333 -86.7828333333333 3.1
-62.6489666666667 -65.9419333333333 -76.1828333333333 -81.1818333333333 3.2
-60.0227333333333 -63.2904 -75.7005 -80.9116333333333 3.2
-60.3914 -63.7374 -75.6272666666667 -82.0252666666667 3.2
-60.5 -65.3181666666667 -77.1096 -80.7727333333333 3.2
-60.1717 -63.4974666666667 -76.2964666666667 -79.5505 3.2
-59.702 -65.7702 -75.9101 -78.3333333333333 3.2
-58.5454666666667 -65.3383666666667 -77.1878666666667 -79.8889 3.2
-58.1818333333333 -65.5707333333333 -76.7333333333333 -80.4343666666667 3.2
-57.7272666666667 -64.0606 -75.4505 -79.798 3.2
-57.7272666666667 -64.6111 -77.3697 -79.7374 3.2
-69.6274666666667 -58.8872666666667 -77.4620666666667 -82.6960666666667 3.3
-70.7524666666667 -60.9558666666667 -76.4032333333333 -83.6789333333333 3.3
-69.9509666666667 -59.2745 -76.9302 -83.6274666666667 3.3
-69.7279333333333 -59.5931333333333 -75.5613333333333 -82.8688666666667 3.3
-69.7034333333333 -60.0980333333333 -76.0061666666667 -82.7757333333333 3.3
-68.6887333333333 -59.5 -75.6875333333333 -82.4902 3.3
-70.1176333333333 -61.3529333333333 -76.1140333333333 -82.4203333333333 3.3
-68.9044 -59.6225333333333 -76.9841333333333 -82.7855333333333 3.3
-69.5539333333333 -60.0784333333333 -76.3333666666667 -82.7487666666667 3.3
-69.4706 -59.5980333333333 -76.3321666666667 -81.3811333333333 3.3
-75.2445333333333 -62.6542666666667 -67.8230333333333 -80.924 3.4
-74.8826666666667 -62.4799 -67.4129333333333 -80.1564333333333 3.4
-75.8640333333333 -61.4525 -68.2780666666667 -80.5014666666667 3.4
-75.2415666666667 -64.1261 -67.5807 -80.2204 3.4
-76.2792666666667 -62.3508666666667 -68.1267666666667 -80.3377333333333 3.4
-74.3059333333333 -62.3863333333333 -68.1651333333333 -79.6272 3.4
-76.2810666666667 -63.4188666666667 -68.2353 -81.2061333333333 3.4
-75.1111 -61.8264 -67.9655666666667 -79.4294666666667 3.4
-75.1209666666667 -62.1476666666667 -68.2419 -79.3293 3.4
-74.3198333333333 -63.3278666666667 -68.5730333333333 -80.2014 3.4
-74.6527666666667 -67.8472333333333 -81.0722333333333 -83.0833333333333 3.5
-73.9444333333333 -66.4166666666667 -80.2333333333333 -82.1944333333333 3.5
-74.2 -68.2639 -80.4455666666667 -82.3833333333333 3.5
-74.2777666666667 -68.75 -80.0444333333333 -81.924 3.5
-75.6666666666667 -65.1666666666667 -80.3777666666667 -82.5277666666667 3.5
-74.2777666666667 -66.0277666666667 -80.2111 -82.25 3.5
-73.7222333333333 -65.9166666666667 -80.1777666666667 -82.4722333333333 3.5
-74.0333333333333 -67.5833333333333 -80.2789 -82.3277666666667 3.5
-74.3889 -67.8889 -80.0444333333333 -83.1462333333333 3.5
-75.8889 -66.4166666666667 -79.9889 -82.6389 3.5
-75.1384666666667 -73.3137333333333 -83.3607 -82.9154333333333 4.1
-74.1760666666667 -73.4861 -82.6830333333333 -82.4857 4.1
-74.1323666666667 -73.4583333333333 -81.8680666666667 -81.6601333333333 4.1
-73.9791666666667 -73.7524666666667 -81.1875 -81.8120666666667 4.1
-74.9011666666667 -74.4113333333333 -82.4534333333333 -82.9252333333333 4.1
-75.3308666666667 -74.1491 -82.2067 -82.9734666666667 4.1
-75.1348 -74.3656 -82.4628 -83.2651333333333 4.1
-75.9081 -75.0784333333333 -81.991 -83.5853666666667 4.1
-75.8615333333333 -74.6401333333333 -82.5453333333333 -83.2009666666667 4.1
-75.5604666666667 -74.6491 -82.4816333333333 -83.4272666666667 4.1
-70.1102666666667 -70.4882333333333 -73.0715666666667 -79.4705333333333 4.2
-68.9646666666667 -70.5101 -72.4831666666667 -79.936 4.2
-69.5572333333333 -68.7129666666667 -72.4436 -77.7744333333333 4.2
-68.7306666666667 -67.1767666666667 -71.9747333333333 -76.1565666666667 4.2
-69.6170333333333 -68.4621333333333 -73.1506666666667 -77.2239 4.2
-69.9932666666667 -68.7878666666667 -73.2415666666667 -77.5404 4.2
-68.7146666666667 -68.1288 -72.7146666666667 -77.6229 4.2
-69.9074 -68.0488333333333 -73.0572333333333 -77.6448 4.2
-69.8417666666667 -67.5623 -72.8619333333333 -77.9714 4.2
-71.3417666666667 -66.7811333333333 -73.2138 -79.9823 4.2
-73.5 -71.6389 -77.5555666666667 -82.1666666666667 4.3
-75.0277666666667 -73.5 -76 -80.9722333333333 4.3
-72.9166666666667 -71.3333333333333 -76.4166666666667 -81.3611 4.3
-72.6389 -71.4444333333333 -77.1389 -81.3055666666667 4.3
-73.6944333333333 -74.0277666666667 -75.75 -81.6666666666667 4.3
-73.0277666666667 -71.4166666666667 -77.1111 -82.0833333333333 4.3
-73.5 -72.1111 -76.2222333333333 -82.1666666666667 4.3
-72.8889 -71.6944333333333 -77 -81.6666666666667 4.3
-71.7222333333333 -70.8333333333333 -74.4444333333333 -80.4166666666667 4.3
-71.6944333333333 -69.6944333333333 -76.6666666666667 -80.6389 4.3
-69.8666666666667 -64.3666666666667 -77.1666666666667 -81.2166666666667 4.4
-70.1833333333333 -63.8833333333333 -77.6333333333333 -81.1666666666667 4.4
-70 -64.7833333333333 -77.8666666666667 -81.4166666666667 4.4
-70.7333333333333 -65.2333333333333 -78.2333333333333 -81.2 4.4
-70.9833333333333 -65.45 -78.1 -81.7666666666667 4.4
-71.8666666666667 -65.5666666666667 -78.6 -81.75 4.4
-71.6833333333333 -66.5333333333333 -77.7666666666667 -81.6833333333333 4.4
-70.2333333333333 -65.3166666666667 -77.2833333333333 -80.7166666666667 4.4
-69.7 -65.0666666666667 -77.25 -80.7333333333333 4.4
-70.05 -64.9666666666667 -76.8833333333333 -81.3666666666667 4.4
-73.9777666666667 -67.5111 -75.5111 -86.8444333333333 4.5
-74.0333333333333 -68.1333333333333 -75.1 -87.3333333333333 4.5
-72.7111 -66.6 -75.5222333333333 -87.1555666666667 4.5
-72.7 -65.9889 -75 -87.2111 4.5
-74.1333333333333 -66.9222333333333 -76.5666666666667 -87.8 4.5
-74.0666666666667 -65.8889 -75.9333333333333 -87.2555666666667 4.5
-73.6222333333333 -67.2333333333333 -75.8111 -86.7889 4.5
-73.5555666666667 -67.2889 -77.4111 -88.2 4.5
-73.6444333333333 -68.5666666666667 -76.1111 -87.3777666666667 4.5
-74.0555666666667 -67.5111 -75.8111 -87.3777666666667 4.5
-73.1619 -65.0476333333333 -81.1587333333333 -81.9587333333333 5.1
-72.1238 -63.7619 -79.4158666666667 -79.8634666666667 5.1
-71.5143 -64.1206333333333 -78.2444333333333 -80.8222333333333 5.1
-71.3143 -63.4539666666667 -78.6285666666667 -80.6571333333333 5.1
-71.3047666666667 -64.6222333333333 -78.9587333333333 -81.5587333333333 5.1
-71.8 -64.0762 -78.8222333333333 -80.873 5.1
-72.4222333333333 -64.0190333333333 -78.8317666666667 -81.2190333333333 5.1
-73.4254 -64.4 -79.3904666666667 -82.3746 5.1
-75.5111 -65.6476333333333 -81.2254 -83.4857 5.1
-73.3968 -63.9365333333333 -79.3841333333333 -81.4539666666667 5.1
-67.4317 -72.1076333333333 -70.3322 -78.2812666666667 5.2
-67.8229333333333 -72.5359 -71.3900333333333 -79.5937333333333 5.2
-67.5474333333333 -71.4918666666667 -69.9896 -77.9340333333333 5.2
-68.0312666666667 -71.5752 -69.7708333333333 -78.3102 5.2
-68.2060333333333 -71.6146 -70.6736 -77.7754666666667 5.2
-66.3356333333333 -71.9722333333333 -70.2986 -78.3402666666667 5.2
-67.3449 -70.3298333333333 -69.6354 -79.0439666666667 5.2
-67.1423666666667 -68.9652666666667 -69.4745333333333 -78.7870333333333 5.2
-65.9352 -69.5983666666667 -69.2627333333333 -78.5659666666667 5.2
-68.1481333333333 -70.9259333333333 -70.8264 -78.9722333333333 5.2
-69.6032 -68.6269666666667 -72.9206333333333 -82.4047333333333 5.3
-69.5 -69.2381 -72.3412666666667 -82.0793666666667 5.3
-69.5317333333333 -69.3651 -72.7539666666667 -82.5079333333333 5.3
-70.0714 -69.873 -74 -82.7381 5.3
-68.6825333333333 -68.1349 -72.2857 -81.5873 5.3
-69.4127 -68.7142666666667 -72.5873 -82.0952333333333 5.3
-70.2142666666667 -69.2698666666667 -72.7698333333333 -83.0317666666667 5.3
-69.9682333333333 -68.6904666666667 -72.3888666666667 -82.8174666666667 5.3
-69.1349 -67.8968 -71.5952 -82.1508 5.3
-69.8254 -69.0873 -72.127 -82.2539666666667 5.3
-68.0519333333333 -71.3549666666667 -77.6915 -77.0935333333333 5.4
-68.3583333333333 -71.6303 -77.9398 -78.2228 5.4
-70.9828333333333 -71.3074 -77.4571666666667 -79.225 5.4
-71.5419333333333 -71.2217 -77.6345 -79.1324 5.4
-70.7636333333333 -71.2792666666667 -76.2907333333333 -79.0774333333333 5.4
-70.5342666666667 -70.7771 -76.5293666666667 -78.7592666666667 5.4
-70.1363666666667 -70.6 -76.2373 -79.1352 5.4
-70.7747333333333 -69.7257666666667 -75.4972333333333 -79.0665 5.4
-70.6838333333333 -69.8028666666667 -75.2571666666667 -78.4102 5.4
-70.0888 -69.6092666666667 -75.3261666666667 -78.3657333333333 5.4
-68.4285666666667 -69.1041666666667 -78.0922666666667 -82.75 5.5
-67.6654666666667 -67.7678666666667 -78.5059666666667 -82.9643 5.5
-68.5268 -67.8625 -77.9023666666667 -82.0452333333333 5.5
-67.4613 -67.4801666666667 -77.9851333333333 -81.5410666666667 5.5
-67.5535666666667 -68.0297666666667 -77.5565333333333 -82.4523666666667 5.5
-66.7857 -68.6666666666667 -77.5059666666667 -82.0773666666667 5.5
-67.5226333333333 -68.2291666666667 -77.3898666666667 -82.1339333333333 5.5
-68.4375 -69.05 -77.4143 -81.6256 5.5
-66.9613 -68.2956333333333 -78.1666666666667 -82.0440333333333 5.5
-67.6339333333333 -68.3928666666667 -77.7648666666667 -82.0268 5.5
-73.1371 -71.5148 -75.875 -81.7271666666667 6.1
-73.1828 -70.7123666666667 -75.4879 -81.7782333333333 6.1
-74.4153333333333 -71.1182666666667 -75.6115666666667 -82.7231333333333 6.1
-73.7406 -70.5497333333333 -75.5215 -82.6357666666667 6.1
-73.1975666666667 -69.7984 -74.8293 -81.7768666666667 6.1
-73.5 -69.5752666666667 -75.5282333333333 -81.3951666666667 6.1
-72.6935333333333 -69.7809 -76.1330666666667 -81.6814666666667 6.1
-73.1828 -69.9153333333333 -75.5497333333333 -81.6639666666667 6.1
-72.6371 -70.0806333333333 -75.5080666666667 -81.7365666666667 6.1
-72.1465 -70.5605 -75.4166666666667 -82.6330666666667 6.1
-66.917 -67.2890333333333 -76.7934666666667 -79.9985666666667 6.2
-65.3451 -66.8004666666667 -76.2734666666667 -80.0436666666667 6.2
-65.3111 -67.4290333333333 -76.2860333333333 -79.8651 6.2
-65.7857 -67.7985666666667 -76.7993666666667 -80.7301333333333 6.2
-65.8146 -66.4317666666667 -76.1652333333333 -80.5714333333333 6.2
-67.8543 -67.2855666666667 -77.1341333333333 -81.4325333333333 6.2
-67.2689 -67.2938 -76.2633333333333 -81.123 6.2
-67.0096666666667 -67.1476333333333 -76.4614333333333 -80.8015666666667 6.2
-67.4325333333333 -67.1934666666667 -77.3154 -80.7896666666667 6.2
-65.3792 -64.7976333333333 -75.4341333333333 -80.5198666666667 6.2
-65.5128333333333 -69.2094 -78.5470333333333 -83.9216333333333 6.3
-66.3262333333333 -70.3404333333333 -79.1239666666667 -84.7806333333333 6.3
-65.4928666666667 -69.7948666666667 -78.8632666666667 -85.0213666666667 6.3
-66.2065333333333 -70.0755 -79.5512666666667 -84.2806333333333 6.3
-65.5655 -69.7436 -78.4059666666667 -85.0712 6.3
-65.5285 -69.6054 -78.6552666666667 -84.7806333333333 6.3
-65.7093666666667 -70.6168 -78.3646666666667 -84.8276666666667 6.3
-66.1481333333333 -69.6339333333333 -79.0826333333333 -84.2108333333333 6.3
-66.6980333333333 -69.2421666666667 -78.6253333333333 -84.1837333333333 6.3
-66.0655333333333 -69.5755 -78.8533 -84.2279 6.3
-70.3333333333333 -68.3194333333333 -71.0139 -81.8333333333333 6.4
-69.2777666666667 -68.8611 -70.8333333333333 -81.4722333333333 6.4
-70.4166666666667 -69.25 -72.1944333333333 -81.8472333333333 6.4
-69.5833333333333 -71.2916666666667 -71.1389 -81.1111 6.4
-70.875 -70.8194333333333 -72.8611 -82.6111 6.4
-71.5 -71.0277666666667 -72.5555666666667 -82.8472333333333 6.4
-71.25 -72.8333333333333 -73.3194333333333 -82.5972333333333 6.4
-71.7083333333333 -70 -72.0972333333333 -80.9027666666667 6.4
-71.7083333333333 -71.2222333333333 -72.7777666666667 -81.4027666666667 6.4
-70.4027666666667 -71.1805666666667 -71.7916666666667 -82.2777666666667 6.4
-67.5555666666667 -71.4222333333333 -73.4222 -77.8 6.5
-67.3333333333333 -71.7666666666667 -73.7 -78.4111 6.5
-66.2777666666667 -71.7222333333333 -72.7888666666667 -77.3 6.5
-67.2666666666667 -71.9 -72.6222333333333 -77.6 6.5
-67.5777666666667 -72.1555333333333 -74.3889 -77.5889 6.5
-66.7333333333333 -71.6555666666667 -71.9333333333333 -77.7889 6.5
-66.5222333333333 -72.6555666666667 -73.5 -77.7666666666667 6.5
-68.2111 -71.7555333333333 -72.8666666666667 -77.7 6.5
-67.1888666666667 -72.1778 -74 -78.0111333333333 6.5
-67.6333333333333 -72.0666666666667 -73.3777666666667 -78.3111333333333 6.5
-77.2222333333333 -75.0555666666667 -80.7222333333333 -75.8333333333333 7.1
-76.7222333333333 -76.8333333333333 -81.6111 -77.1111 7.1
-75.5 -75.3333333333333 -80.6111 -75.8889 7.1
-76.0555666666667 -78.2222333333333 -81 -77 7.1
-75.1111 -75.1111 -81.2777666666667 -73.8333333333333 7.1
-75.5555666666667 -77.3333333333333 -81.1666666666667 -75.6111 7.1
-76.0555666666667 -75.4444333333333 -79.7222333333333 -75.3333333333333 7.1
-77.3333333333333 -75.6111 -80.7777666666667 -75.7777666666667 7.1
-77.9444333333333 -78.3333333333333 -81.1666666666667 -77.3889 7.1
-76.3889 -78 -80.4444333333333 -75.7777666666667 7.1
-79.4811666666667 -68.8357666666667 -74.4982333333333 -75.724 7.2
-80.695 -70.3881 -75.4521666666667 -77.3362333333333 7.2
-79.9581333333333 -69.2698666666667 -74.476 -77.3545666666667 7.2
-79.1661666666667 -68.2196333333333 -73.5317333333333 -75.2164333333333 7.2
-79.2663666666667 -69.1075666666667 -73.8531666666667 -76.543 7.2
-80.0009666666667 -69.2624666666667 -74.4064333333333 -76.6737333333333 7.2
-79.1384666666667 -68.6135333333333 -73.8074 -76.3523333333333 7.2
-79.2814666666667 -68.9700333333333 -74.3697333333333 -76.4473333333333 7.2
-79.2876 -68.5713333333333 -74.3333333333333 -77.2524666666666 7.2
-79.7446333333333 -69.1529666666667 -74.4853666666667 -76.6138333333333 7.2
-78.2777666666667 -77.5777666666667 -70.5 -78.7 7.3
-78.9666666666667 -76.7555666666667 -70.5889 -78.2111 7.3
-78.1 -76.7555666666667 -69.8889 -77.6666666666667 7.3
-77.2 -76.0111 -68.3111 -76.1333333333333 7.3
-76.2333333333333 -75.9889 -68.3111 -74.4444333333333 7.3
-77.6666666666667 -76.9111 -68.7889 -76.2555666666667 7.3
-77.4777666666667 -74.3111 -68.0666666666667 -76 7.3
-77.7222333333333 -75.6222333333333 -69.7 -77.7666666666667 7.3
-78.5444333333333 -75.4555666666667 -69.7666666666667 -78.0889 7.3
-78.6555666666667 -75.6777666666667 -69.7 -78.3 7.3
-78.1658666666667 -77.4492 -72.1785666666667 -77.2214333333333 7.4
-77.7777666666667 -77.0746 -71.7262 -76.4643 7.4
-76.6746 -75.4976333333333 -70.9515666666667 -77.0865333333333 7.4
-76.1436666666667 -77.3190333333333 -70.7603333333333 -76.3206333333333 7.4
-75.5476333333333 -79.0381 -70.2222333333333 -75.3762 7.4
-76.123 -77.1309666666667 -69.9841333333333 -76.1889 7.4
-75.8285666666667 -75.5595333333333 -71.9762 -77.0984333333333 7.4
-77.2063333333333 -75.2595333333333 -71.2682333333333 -77.0127 7.4
-77.8428666666667 -76.7936666666667 -72.6920666666667 -77.1428666666667 7.4
-76.1619 -74.4793666666667 -71.6984333333333 -75.5111 7.4
-74.8589666666667 -69.0897333333333 -71.9871666666667 -78.7820666666667 7.5
-74.7692333333333 -69.1025666666667 -73.2307666666667 -78.6538333333333 7.5
-74.2820666666667 -68.0384666666667 -71 -78.5769333333333 7.5
-75.0256333333333 -69.2692333333333 -71.9615333333333 -80.7179333333333 7.5
-74.7564 -68.9102666666667 -73.3205 -79.6795 7.5
-74.2692333333333 -68.2051333333333 -70.6025666666667 -79.5 7.5
-73.3846 -68.7820666666667 -71.7820666666667 -78.3718 7.5
-72.7436 -68 -72.4871666666667 -78.8077 7.5
-73.3461666666667 -68.8974333333333 -71.3461666666667 -79 7.5
-73.4615333333333 -68.4871666666667 -71.4615333333333 -79.7820666666667 7.5
-83.1944333333333 -74.5277666666667 -77.8055666666667 -79.1944333333333 8.1
-82.5555666666667 -73.4166666666667 -76.6944333333333 -79.1111333333333 8.1
-82.9722 -72.25 -75.7777666666667 -78.1666666666667 8.1
-83.3333333333333 -73.4444333333333 -76.0833333333333 -78.2222333333333 8.1
-82.2778 -72.5278 -75.3888666666667 -77 8.1
-81.3055333333333 -72.5 -75.0555666666667 -76.1389 8.1
-82.0555666666667 -72.7777666666667 -76.0278 -76.6389 8.1
-82.8611 -73.6111333333333 -76.9166666666667 -77.3611 8.1
-82.1389 -73.3611 -75.5833333333333 -74.6944666666667 8.1
-82.9166666666667 -73.1666666666667 -76.4444666666667 -75.5555666666667 8.1
-73.1777666666667 -70.8148 -75.9666666666667 -78.1703666666667 8.2
-72.3407666666667 -70.0481333333333 -75.9074333333333 -77.7518333333333 8.2
-75.2555666666667 -71.4 -76.5851666666667 -79.2888666666667 8.2
-75.5444333333333 -70.1444666666667 -75.9740666666667 -80.0814666666667 8.2
-73.3111333333333 -70.7740666666667 -76.2814666666667 -79.6148333333333 8.2
-73.5 -71.7629666666667 -77.4370333333333 -80.1037 8.2
-73.1963 -72.7481666666667 -77.3518666666667 -79.9777666666667 8.2
-72.7815 -71.7 -77.0481333333333 -79.5518333333333 8.2
-72.8481666666667 -71.9185333333333 -76.8037 -79.5963 8.2
-73.6703666666667 -72.2555666666667 -77.3037 -80.1777666666667 8.2
-76.0714333333333 -71.1190666666667 -75.3214333333333 -80.3095333333333 8.3
-76.3452333333333 -71.5119333333333 -75.7023666666667 -81.25 8.3
-78.4524 -71.8690666666667 -77.1309333333333 -82.2380666666667 8.3
-76.1785666666667 -70.6190666666667 -76.7262 -81.3809333333333 8.3
-75.9880666666667 -71.2381 -77.5714333333333 -79.0119 8.3
-76.6428333333333 -71.0714333333333 -77.1666666666667 -77.7142666666667 8.3
-76.2976333333333 -71.3214333333333 -77.1309333333333 -77.2857333333333 8.3
-77.0238 -72.4047666666667 -77.8452333333333 -77.9524 8.3
-76.3690333333333 -70.4643 -76.2976 -77.4762 8.3
-76.9166666666667 -70.8095 -76.3928333333333 -78.75 8.3
-67.8354666666667 -75.4235 -69.3406 -75.6017 8.4
-67.3626 -75.3767 -68.9301333333333 -75.8198666666667 8.4
-67.3049 -75.5344 -69.0972333333333 -75.3837666666667 8.4
-66.5711666666667 -75.7171 -68.7760666666667 -74.8938 8.4
-67.2074666666667 -75.8104666666667 -68.4463666666667 -75.2186 8.4
-67.8668666666667 -75.5842 -69.3923 -75.4527666666667 8.4
-68.3495666666667 -76.2587666666667 -69.8688 -75.7357 8.4
-68.0215666666667 -75.9322666666667 -69.6818333333333 -75.7124 8.4
-67.5493666666667 -75.4087666666667 -69.0568333333333 -75.4094 8.4
-68.6440333333333 -76.2111 -69.8119666666667 -76.1344 8.4
-68.4629666666667 -73.4509333333333 -74.7074 -84.6944333333333 8.5
-67.975 -73.7972333333333 -74.5898 -84.1231333333333 8.5
-69.9426 -74.5555666666667 -74.7426 -84.6139 8.5
-69.4564666666667 -74.6814666666667 -74.825 -84.6352 8.5
-69.1537 -73.4805666666667 -74.0963 -83.725 8.5
-67.8092666666667 -74.2361 -73.7824 -84.1907333333333 8.5
-68.6481333333333 -74.4935333333333 -74.4564666666667 -83.6889 8.5
-68.4666666666667 -74.4740666666667 -74.2074 -83.4370333333333 8.5
-69.6537 -75.2703666666667 -74.9527666666667 -84.0629666666667 8.5
-68.9620333333333 -74.7259333333333 -74.6361 -83.8898 8.5
-80.7166666666667 -78.0444333333333 -73.3444333333333 -73.8166666666667 9.1
-80.3277666666667 -77.7666666666667 -72.65 -73.3944333333333 9.1
-80.6944333333333 -78.3055666666667 -73.2833333333333 -73.5333333333333 9.1
-80.85 -77.9889 -73.2722333333333 -73.7833333333333 9.1
-81.5111 -78.7166666666667 -74.0111 -74.1666666666667 9.1
-80.4444333333333 -78.1722333333333 -73.7055666666667 -74.0777666666667 9.1
-80.7222333333333 -78.7555666666667 -73.5444333333333 -74.1222333333333 9.1
-80.7722333333333 -78.7889 -73.2222333333333 -73.1722333333333 9.1
-81.2777666666667 -79.1055666666667 -73.8333333333333 -73.1722333333333 9.1
-81.2777666666667 -78.7166666666667 -73.4722333333333 -73.3611 9.1
-75.887 -77.7519 -72.3238666666667 -70.1997333333333 9.2
-75.3786333333333 -77.4934 -71.7986 -69.4437666666667 9.2
-76.1584 -77.5232 -71.9636666666667 -69.6432666666667 9.2
-76.1849 -77.6701666666667 -72.0944333333333 -69.5562 9.2
-76.7390666666667 -77.8686 -72.4172666666667 -70.2158 9.2
-76.1573 -77.3279333333333 -71.5232333333333 -69.0310333333333 9.2
-76.5094 -77.6815 -71.7558666666667 -69.437 9.2
-75.9680666666667 -77.3227 -72.1631666666667 -69.2826 9.2
-75.2636 -77.4946333333333 -71.8644 -69.7439333333333 9.2
-74.9223333333333 -77.0142666666667 -71.5590666666667 -70.0113 9.2
-77.6085666666667 -75.2986 -69.6077 -67.6617666666667 9.3
-78.8224 -75.5600333333333 -69.8367666666667 -68.3541 9.3
-79.1025333333333 -75.2137 -69.1689333333333 -68.2555 9.3
-78.9556666666667 -75.1329333333333 -69.6037666666667 -67.7280333333333 9.3
-78.7339666666667 -74.5877333333333 -68.6664333333333 -67.1092666666667 9.3
-79.4871333333333 -75.5856666666667 -69.7635 -68.4352666666667 9.3
-78.9585666666667 -75.5589666666667 -69.9803333333333 -68.4126 9.3
-78.774 -75.6458333333333 -70.0643 -68.4665 9.3
-78.5596666666667 -75.1427666666667 -69.8869666666667 -68.0364666666667 9.3
-79.1411666666667 -75.3234 -69.4735666666667 -67.6083666666667 9.3
-69.6090666666667 -75.4648 -65.0589333333333 -74.796 9.4
-69.788 -76.7114666666667 -65.6830666666667 -75.4196666666667 9.4
-69.0498666666667 -75.9685666666667 -65.5101333333333 -74.9607 9.4
-69.5692333333333 -76.0555333333333 -65.6365 -75.0363666666667 9.4
-68.5155333333333 -75.9426333333333 -65.1728 -74.3071666666667 9.4
-69.4845 -75.9986333333333 -64.6907333333333 -74.5317333333333 9.4
-68.661 -77.2302333333333 -64.5844 -74.0192333333333 9.4
-68.548 -76.6808333333333 -64.1619 -74.1961666666667 9.4
-68.8943 -76.7883 -64.2374333333333 -74.2822333333333 9.4
-69.1189666666667 -76.9352333333333 -64.4256333333333 -74.3127 9.4
-73.6477 -77.8428333333333 -63.4011 -74.7235666666667 9.5
-74.9065 -78.0366 -64.5515 -73.9363 9.5
-73.0515 -77.4891666666667 -64.0908 -72.4011 9.5
-74.5623333333333 -78.9485 -65.8658666666667 -73.5542 9.5
-72.729 -78.7168 -65.8726333333333 -75.2655666666667 9.5
-73.8225 -79.771 -66.3360333333333 -73.7059666666667 9.5
-74.7073333333333 -78.5433666666667 -66.9702 -74.4620666666667 9.5
-74.8347 -79.0813 -65.8048666666667 -72.0596333333333 9.5
-73.2886333333333 -78.2317 -64.7263 -73.4092 9.5
-74.6084 -77.8401 -65.5935 -74.8699333333333 9.5
-83.2146 -78.2437333333333 -70.1171 -53.4754333333333 10.1
-83.2065666666667 -77.8785 -70.3095 -53.9125666666667 10.1
-82.8497 -77.2210666666667 -70.3725 -53.4722333333333 10.1
-82.7065666666667 -77.7931666666667 -70.4169666666667 -52.6776333333333 10.1
-82.6827666666667 -76.9111 -70.4915333333333 -52.7368333333333 10.1
-82.6671 -78.0862333333333 -69.7210666666667 -54.5139 10.1
-83.2307 -79.0276333333333 -70.3391666666667 -54.4308333333333 10.1
-82.7166666666667 -77.7087666666667 -70.2426666666667 -54.0972333333333 10.1
-83.3837666666667 -78.6551333333333 -70.6155 -53.0744333333333 10.1
-83.0421 -77.2443 -70.3019 -52.1893333333333 10.1
-75.1416666666667 -75.9777666666667 -70.3305666666667 -69.225 10.2
-76.1944333333333 -75.7055666666667 -70.4055333333333 -68.4 10.2
-74.5861 -73.2889 -69.9639 -68.6472 10.2
-74.8277666666667 -73.4111333333333 -70.2583333333333 -68.3889 10.2
-74.9694666666667 -75.375 -70.9166666666667 -68.9305666666667 10.2
-75.0944333333333 -75.0916666666667 -70.5778 -67.8778 10.2
-74.5666666666667 -72.6166666666667 -69.7222 -68.5722333333333 10.2
-74.975 -72.9694666666667 -70.0222333333333 -67.8333333333333 10.2
-75.0055666666667 -75.1972333333333 -69.95 -68.1027666666667 10.2
-74.3083333333333 -74.2194333333333 -69.7361333333333 -67.625 10.2
-74.7661666666667 -77.5795333333333 -67.8192666666667 -68.9711333333333 10.3
-74.5313666666667 -77.7223 -67.2435 -67.4581333333333 10.3
-73.7573333333333 -77.3955666666667 -66.1317666666667 -67.6617 10.3
-73.6205666666667 -77.4713 -66.4925333333333 -68.8461333333333 10.3
-72.4247333333333 -76.9229 -66.7901 -68.1403 10.3
-73.4414 -78.0699666666667 -67.2730333333333 -67.4345 10.3
-73.3793666666667 -77.4578333333333 -67.0886666666667 -69.2426666666667 10.3
-72.7196 -77.6944 -67.2332666666667 -68.8364333333333 10.3
-71.8761666666667 -76.4735666666667 -65.6965333333333 -66.8394333333333 10.3
-72.2422 -77.5018333333333 -66.6648 -67.9262333333333 10.3
-73.8232666666667 -80.3202666666667 -60.9046333333333 -72.8534 10.4
-73.5343666666667 -79.8934666666667 -60.5487 -71.0453666666667 10.4
-72.9968 -80.8578333333333 -59.8757666666667 -71.3309 10.4
-74.4698666666667 -80.7473 -60.82 -73.0324 10.4
-73.7718333333333 -81.1987 -60.4209 -71.2722666666667 10.4
-72.6189 -81.3813666666667 -59.4904666666667 -70.9982333333333 10.4
-73.7262 -81.3857 -60.7775 -73.1317666666667 10.4
-73.2863333333333 -80.9359333333333 -60.3013 -72.1290333333333 10.4
-73.4471 -81.3029333333333 -60.5463333333333 -70.8987666666667 10.4
-73.6738 -81.3542333333333 -60.8458 -72.1331333333333 10.4
-76.1477333333333 -79.0967 -49.7389666666667 -77.3142333333333 10.5
-75.0228666666667 -79.0773 -48.6303333333333 -76.1605666666667 10.5
-75.4422666666667 -79.8657333333333 -48.2563333333333 -76.2131333333333 10.5
-74.5940666666667 -78.467 -48.4112666666667 -76.6982666666667 10.5
-76.5126666666666 -79.0622666666667 -49.8776333333333 -78.0823 10.5
-76.2175 -78.9042333333333 -49.605 -77.4119 10.5
-75.0497666666667 -78.5919 -48.5896666666667 -76.2701333333333 10.5
-74.7724666666667 -78.5436666666667 -48.1333333333333 -75.9364666666667 10.5
-75.6864 -79.5327 -49.1145666666667 -77.3561666666667 10.5
-74.6525666666667 -78.8901333333333 -48.6904333333333 -76.4976666666667 10.5
