0 -26 -26 -32 -16 -20 1.1
0 -21 -27 -33 -17.7143 -19.8571 1.1
0 -19 -26 -33 -16.5714 -20.2857 1.1
0 -24 -24 -32 -16.8571 -19.7143 1.1
0 -19 -32 -31 -15.8571 -20.5714 1.1
0 -21 -31 -28 -16 -19.8571 1.1
0 -17 -28 -29 -16.7143 -20.2857 1.1
0 -15 -25 -30 -17.1429 -20.2857 1.1
0 -20 -30 -29 -16.8571 -19.8571 1.1
0 -20 -27 -30 -17.7143 -19.5714 1.1
-10.5 -8 -26.5 -26.5 -16.375 -20.375 1.2
-10 -10.5 -28.5 -28.5 -14.875 -20 1.2
-10 -11 -28 -28 -14.125 -20.375 1.2
-9 -9.5 -28 -28 -14.5 -20.5 1.2
-12 -11 -29 -29 -14.375 -20.5 1.2
-9 -10.5 -26.5 -26.5 -15.875 -20.5 1.2
-11.5 -8.5 -26.5 -26.5 -15 -21.125 1.2
-9 -10 -27.5 -27.5 -15.75 -20.875 1.2
-10 -8.5 -28.5 -28.5 -14.5 -19.625 1.2
-9.5 -11 -28.5 -28.5 -14.75 -20.25 1.2
-11.724637681 -2.33095238 -24.021978021 -31.8 -18.6667 -25.6667 1.3
-12.724637681 -3.63095238 -25.021978021 -31.8 -17.3333 -24.5 1.3
-10.724637681 -2.63095238 -25.021978021 -33.800023 -17.5 -25.5 1.3
-10.724637681 -2.43095238 -23.421978021 -31.8 -17 -25.5 1.3
-12.724637681 -1.63095238 -23.021978021 -31.8 -16.8333 -26.6667 1.3
-11.724637681 -2.33095238 -24.021978021 -31.8 -18.3333 -26.5 1.3
-12.724637681 -3.63095238 -25.021978021 -31.8 -17.6667 -25.8333 1.3
-10.724637681 -2.63095238 -25.021978021 -33.800023 -17.1667 -26.1667 1.3
-10.724637681 -2.43095238 -23.421978021 -31.8 -19.8333 -25.5 1.3
-12.724637681 -1.63095238 -23.021978021 -31.8 -18.3333 -25.5 1.3
-17 0 -22 -22 -21.75 -27 1.4
-17 0 -20 -20 -24.25 -26.75 1.4
-17 0 -21 -21 -23.5 -25.75 1.4
-20 0 -23 -23 -26.5 -27 1.4
-18 0 -23 -23 -22 -27.5 1.4
-18 0 -22 -22 -24.75 -26.75 1.4
-19 0 -22 -22 -25 -26.25 1.4
-16 0 -22 -22 -24.75 -27 1.4
-17 0 -23 -23 -23.75 -28 1.4
-20 0 -22 -22 -23.25 -28.25 1.4
-17.387755102 0.086206896 -29.1667 -27.117647058 -16.1429 -15.8571 1.5
-17.587755102 1.086206896 -28.1667 -27.117647058 -16.5714 -16.5714 1.5
-17.987755102 0.086206896 -30.1667 -28.117647058 -17.1429 -16 1.5
-16.387755102 0.086206896 -27.1667 -27.117647058 -15 -16.1429 1.5
-15.387755102 0.086206896 -26.1667 -26.117647058 -16 -16 1.5
-17.387755102 0.086206896 -29.1667 -27.117647058 -15.1429 -16.2857 1.5
-17.587755102 1.086206896 -28.1667 -27.117647058 -15.8571 -16.2857 1.5
-17.987755102 0.086206896 -30.1667 -28.117647058 -15.5714 -16.4286 1.5
-16.387755102 0.086206896 -27.1667 -27.117647058 -15.2857 -16 1.5
-15.387755102 0.086206896 -26.1667 -26.117647058 -15 -15.7143 1.5
-21.6667 -25.3333 -26.6667 -26.6667 -21.1429 -24 2.1
-23.3333 -25.6667 -25.3333 -25.3333 -20.4286 -23.7143 2.1
-22.3333 -25.3333 -26.6667 -26.6667 -20.1429 -23.4286 2.1
-22.6667 -24 -26.3333 -26.3333 -20.4286 -23.8571 2.1
-23.6667 -24.6667 -25.3333 -25.3333 -19.5714 -24.2857 2.1
-23 -24.6667 -26 -26 -20.2857 -23.8571 2.1
-23.3333 -24.3333 -26 -26 -20.4286 -23.7143 2.1
-21.3333 -25.3333 -27 -27 -20.2857 -24 2.1
-22.3333 -24.6667 -25.3333 -25.3333 -19.4286 -23.7143 2.1
-24.6667 -25.3333 -26.3333 -26.3333 -18.8571 -24.1429 2.1
-10.366666666 -8.807692307 -26.674418604 -23.875 -8.25 -16.25 2.2
-12.366666666 -7.807692307 -23.674418604 -21.875 -9 -17.25 2.2
-10.366666666 -8.807692307 -26.674418604 -21.875 -8 -17.5 2.2
-11.366666666 -6.807692307 -28.674418604 -21.475 -8.75 -16.25 2.2
-10.366666666 -8.807692307 -26.674418604 -22.875 -9 -16.5 2.2
-10.366666666 -8.807692307 -26.674418604 -23.875 -9.5 -18 2.2
-12.366666666 -7.807692307 -23.674418604 -21.875 -8.25 -18.75 2.2
-10.366666666 -8.807692307 -26.674418604 -21.875 -8.25 -17.5 2.2
-11.366666666 -6.807692307 -28.674418604 -21.475 -7.75 -19.5 2.2
-10.366666666 -8.807692307 -26.674418604 -22.875 -8.75 -14.75 2.2
-14.753424657 -11.066666666 -24.466666666 -30.214285714 -7.1667 -22.6667 2.3
-14.753424657 -10.666666666 -22.366666666 -30.114285714 -7.8333 -24.6667 2.3
-13.753424657 -12.666666666 -22.466666666 -30.614285714 -6 -24.6667 2.3
-14.753424657 -10.666666666 -22.466666666 -30.414285714 -8 -24.8333 2.3
-11.753424657 -13.666666666 -22.466666666 -30.314285714 -6.6667 -24.3333 2.3
-14.753424657 -10.666666666 -22.466666666 -30.314285714 -7.3333 -23.5 2.3
-14.753424657 -10.666666666 -22.366666666 -30.114285714 -7.6667 -24 2.3
-13.753424657 -12.666666666 -22.466666666 -30.614285714 -8.3333 -23.6667 2.3
-14.753424657 -10.666666666 -22.466666666 -30.414285714 -7.3333 -25.6667 2.3
-14.753424657 -10.666666666 -22.466666666 -30.314285714 -4.8333 -24.1667 2.3
-15 -12 -13 -13 -13.5 -12.875 2.4
-16 -12 -18 -18 -14 -12.875 2.4
-19 -11 -11 -11 -13.25 -12.875 2.4
-16 -12 -13 -13 -15.375 -13.125 2.4
-19 -11 -15 -15 -14.375 -13.875 2.4
-18 -12 -12 -12 -14.375 -13.125 2.4
-18 -9 -15 -15 -14.625 -12.375 2.4
-17 -10 -14 -14 -14 -13.375 2.4
-15 -11 -11 -11 -14.875 -12.5 2.4
-19 -11 -17 -17 -16 -12.875 2.4
-21.642857142 0 -30 -22.870967741 -14.7143 -18.1429 2.5
-21.642857142 0 -30 -25.870967741 -13 -18.4286 2.5
-22.642857142 0 -31 -26.870967741 -12.1429 -18.2857 2.5
-21.642857142 0 -32 -26.870967741 -13.1429 -18.2857 2.5
-21.642857142 0 -30.5 -26.870967741 -12.8571 -18.7143 2.5
-21.642857142 0 -30 -26.870967741 -14.7143 -18.8571 2.5
-21.642857142 0 -30 -22.870967741 -12.4286 -17 2.5
-21.642857142 0 -30 -25.870967741 -12.7143 -19.2857 2.5
-22.642857142 0 -31 -26.870967741 -12.7143 -17.2857 2.5
-21.642857142 0 -32 -26.870967741 -11.8571 -18.8571 2.5
-21 -19 -29 -29 -7 -23.5714 3.1
-18 -22 -30 -30 -6.7143 -22.2857 3.1
-19 -20 -28 -28 -7 -22.1429 3.1
-19 -21 -29 -29 -7.4286 -23.4286 3.1
-17 -22 -28 -28 -6.4286 -21.2857 3.1
-19 -19 -30 -30 -6.5714 -23.4286 3.1
-18 -21 -29 -29 -6.5714 -22.8571 3.1
-20 -19 -29 -29 -7.1429 -22.2857 3.1
-20 -21 -32 -32 -6.7143 -23 3.1
-19 -20 -31 -31 -6.5714 -22.7143 3.1
-15 -19 -16.5 -16.5 -2.8571 -14.1429 3.2
-15.5 -17.5 -16.5 -16.5 -2.2857 -14.7143 3.2
-17.5 -17.5 -17.5 -17.5 -1.8571 -14.5714 3.2
-15.5 -17.5 -16.5 -16.5 -2.4286 -14.5714 3.2
-15 -19 -17.5 -17.5 -1.8571 -13.4286 3.2
-15 -15 -17 -17 -2.8571 -14.8571 3.2
-16 -17 -18 -18 -2.4286 -15.1429 3.2
-15 -18 -18.5 -18.5 -1.5714 -15.1429 3.2
-17.5 -19 -17 -17 -2.4286 -14.2857 3.2
-15.5 -15.5 -19.5 -19.5 -2 -14.4286 3.2
-19.3333 -6.3333 -15.3333 -15.3333 -2.8571 -15.1429 3.3
-18.3333 -7.6667 -15 -15 -4.2857 -15.4286 3.3
-19 -8.6667 -14.3333 -14.3333 -5 -15.7143 3.3
-18.3333 -7.3333 -15.3333 -15.3333 -3.2857 -14.8571 3.3
-17.6667 -5.6667 -15.6667 -15.6667 -2.8571 -16.8571 3.3
-20 -7.3333 -15 -15 -2 -15.1429 3.3
-18.6667 -7 -16.3333 -16.3333 -4.2857 -17 3.3
-18.6667 -7.3333 -14.6667 -14.6667 -4.4286 -16.7143 3.3
-20.3333 -7.3333 -15.6667 -15.6667 -3.2857 -15.2857 3.3
-19 -7 -13.6667 -13.6667 -1 -14.8571 3.3
-17.814814814 -13.111111111 -9.142857142 -21.641025641 -4.7143 -11.5714 3.4
-17.814814814 -13.111111111 -9.142857142 -21.641025641 -5.5714 -12.2857 3.4
-17.514814814 -12.111111111 -8.142857142 -21.641025641 -4.4286 -12.2857 3.4
-17.814814814 -13.111111111 -10.142857142 -21.641025641 -5.4286 -14.2857 3.4
-17.114814814 -13.111111111 -9.842857142 -22.641025641 -5.7143 -13.8571 3.4
-17.814814814 -13.111111111 -9.142857142 -21.641025641 -5.4286 -12 3.4
-17.814814814 -13.111111111 -9.142857142 -21.641025641 -5.7143 -12 3.4
-17.514814814 -12.111111111 -8.142857142 -21.641025641 -4.5714 -12.5714 3.4
-17.814814814 -13.111111111 -10.142857142 -21.641025641 -5.5714 -13.8571 3.4
-17.114814814 -13.111111111 -9.842857142 -22.641025641 -5.7143 -13.2857 3.4
-23.12345679 -13.292929292 -25.679245283 -22.572151898 -4.5714 -15.4286 3.5
-21.12345679 -13.292929292 -24.679245283 -28.772151898 -4.8571 -15.5714 3.5
-22.12345679 -15.292929292 -25.679245283 -22.772151898 -4.5714 -17.1429 3.5
-21.12345679 -13.292929292 -25.679245283 -23.172151898 -4.7143 -15.8571 3.5
-23.12345679 -13.292929292 -25.679245283 -22.772151898 -5 -15.7143 3.5
-23.12345679 -13.292929292 -25.679245283 -22.572151898 -4.5714 -16.4286 3.5
-21.12345679 -13.292929292 -24.679245283 -28.772151898 -4.5714 -16 3.5
-22.12345679 -15.292929292 -25.679245283 -22.772151898 -4.4286 -15 3.5
-21.12345679 -13.292929292 -25.679245283 -23.172151898 -4.5714 -16.1429 3.5
-23.12345679 -13.292929292 -25.679245283 -22.772151898 -4.8571 -15.7143 3.5
-25.636363636 -22.75 -30.5 -29.48 -17.1429 -20.5714 4.1
-23.436363636 -23.75 -31.5 -29.68 -16.1429 -22.5714 4.1
-23.556363636 -21.75 -30.3 -29.8218 -17 -22.7143 4.1
-25.436363636 -22.75 -32.3 -28.88 -18 -21.2857 4.1
-22.436363636 -24.75 -30.5 -29.88 -17.1429 -22 4.1
-25.636363636 -22.75 -30.5 -29.48 -17.1429 -21.8571 4.1
-23.436363636 -23.75 -31.5 -29.68 -17.2857 -21.2857 4.1
-23.556363636 -21.75 -30.3 -29.8218 -17.8571 -21.2857 4.1
-25.436363636 -22.75 -32.3 -28.88 -17.7143 -21.1429 4.1
-22.436363636 -24.75 -30.5 -29.88 -18.1429 -22.7143 4.1
-16.486842105 -17.569444444 -22.2946 -13.125 -1.8571 -12.2857 4.2
-17.486842105 -17.069444444 -23.2946 -16.125 -1.4286 -12.5714 4.2
-18.486842105 -18.069444444 -25.2946 -19.125 -0.4286 -12.5714 4.2
-15.486842105 -17.679444444 -22.2946 -20.125 -0.8571 -12.5714 4.2
-16.786842105 -17.069444444 -24.2946 -18.125 -1 -13.2857 4.2
-16.486842105 -17.569444444 -22.2946 -13.125 -1.2857 -12.1429 4.2
-17.486842105 -17.069444444 -23.2946 -16.125 -0.8571 -12.7143 4.2
-18.486842105 -18.069444444 -25.2946 -19.125 -0.5714 -12.5714 4.2
-15.486842105 -17.679444444 -22.2946 -20.125 -0.7143 -12.4286 4.2
-16.786842105 -17.069444444 -24.2946 -18.125 -0.7143 -13.1429 4.2
-24.7179 -16.666666666 -13.612903225 -23.722222222 0.2857 -16.2857 4.3
-23.6179 -17.666666666 -14.612903225 -25.722222222 0 -17.8571 4.3
-24.2179 -17.766666666 -16.612903225 -22.722222222 0.7143 -15.2857 4.3
-23.4179 -16.666666666 -14.512903225 -23.522222222 0.2857 -14.8571 4.3
-24.4179 -17.666666666 -14.612903225 -23.322222222 0.1429 -16 4.3
-24.7179 -16.666666666 -13.612903225 -23.722222222 0 -15.4286 4.3
-23.6179 -17.666666666 -14.612903225 -25.722222222 0 -16.5714 4.3
-24.2179 -17.766666666 -16.612903225 -22.722222222 0 -15 4.3
-23.4179 -16.666666666 -14.512903225 -23.522222222 0.2857 -16.4286 4.3
-24.4179 -17.666666666 -14.612903225 -23.322222222 0.1429 -15 4.3
-16.432432432 -24.5439 -11.79245283 -15.727272727 0 -12.8571 4.4
-16.432432432 -25.5439 -12.79245283 -19.727272727 -0.1429 -14.4286 4.4
-17.432432432 -22.5439 -12.79245283 -19.727272727 -0.4286 -13.1429 4.4
-16.432432432 -24.5439 -14.79245283 -19.527272727 -0.4286 -12.4286 4.4
-16.032432432 -24.5439 -12.19245283 -19.727272727 0 -13.1429 4.4
-16.432432432 -24.5439 -11.79245283 -15.727272727 -0.2857 -14.1429 4.4
-16.432432432 -25.5439 -12.79245283 -19.727272727 -0.1429 -13 4.4
-17.432432432 -22.5439 -12.79245283 -19.727272727 -0.1429 -13.4286 4.4
-16.432432432 -24.5439 -14.79245283 -19.527272727 -0.2857 -13.2857 4.4
-16.032432432 -24.5439 -12.19245283 -19.727272727 0 -13 4.4
-24.6667 -9.6667 -24 -24 -13.8571 -18.7143 4.5
-24.3333 -12.3333 -25.3333 -25.3333 -11.7143 -16.8571 4.5
-27 -10.6667 -24.6667 -24.6667 -12 -18.5714 4.5
-25.6667 -12.3333 -25.3333 -25.3333 -12.1429 -18.4286 4.5
-25 -9.6667 -24 -27.3333 -13.7143 -15.2857 4.5
-23.3333 -8.6667 -26.3333 -29.3333 -12.8571 -16.2857 4.5
-23 -8.6667 -23 -29.6667 -12 -17.4286 4.5
-20.3333 -9.6667 -25.3333 -30.3333 -13.4286 -12.7143 4.5
-23.3333 -9.6667 -26.3333 -28.6667 -12.4286 -14.4286 4.5
-23 -11 -24.3333 -29.3333 -12.5714 -17.2857 4.5
-27 -23 -20 -32 -9 -26.5714 5.1
-25 -26 -23 -31 -7.7143 -27.1429 5.1
-23 -26 -20 -28 -6.4286 -27.7143 5.1
-24 -25 -21 -31 -5.5714 -27.2857 5.1
-26 -28 -23 -31 -7.2857 -27.1429 5.1
-24 -26 -19 -33 -10.8571 -27.4286 5.1
-24 -26 -20 -30 -11.2857 -27.4286 5.1
-26 -25 -21 -33 -9 -26.1429 5.1
-25 -29 -22 -30 -8.5714 -26.8571 5.1
-27 -25 -20 -32 -6.8571 -26.8571 5.1
-12.707070707 -23.142857142 -21.54347826 -18.5 -1.5 -10 5.2
-16.007070707 -21.142857142 -21.54347826 -18 -3 -11 5.2
-16.707070707 -22.142857142 -20.54347826 -18.5 -6.5 -14.5 5.2
-14.707070707 -21.142857142 -23.54347826 -18.5 -3.5 -12.5 5.2
-16.707070707 -21.142857142 -21.54347826 -19.5 -4.5 -13 5.2
-12.707070707 -23.142857142 -21.54347826 -18.5 -5 -11 5.2
-16.007070707 -21.142857142 -21.54347826 -18 -3.5 -17.5 5.2
-16.707070707 -22.142857142 -20.54347826 -18.5 -6.5 -14.5 5.2
-14.707070707 -21.142857142 -23.54347826 -18.5 -4.5 -16 5.2
-16.707070707 -21.142857142 -21.54347826 -19.5 -6 -14 5.2
-19 -28 -21 -21 0 -16.5 5.3
-17 -28 -20 -27 0 -15.5 5.3
-19 -24 -19 -22 0 -15.75 5.3
-20 -28 -18 -21 0 -15.375 5.3
-21 -23 -19 -19 0 -16 5.3
-22 -25 -21 -19 0 -15 5.3
-21 -23 -18 -21 0 -17.5 5.3
-20 -24 -24 -26 0 -16 5.3
-22 -28 -21 -29 0 -15.125 5.3
-21 -25 -18 -23 0 -16.25 5.3
-22.6667 -19.3333 -16.6667 -16.6667 -3 -12.5714 5.4
-22.6667 -19.3333 -16.6667 -16.6667 -3.1429 -12.7143 5.4
-22.6667 -19.3333 -16.6667 -16.6667 -4.7143 -12.7143 5.4
-22.6667 -19.3333 -16.6667 -16.6667 -2.4286 -12.7143 5.4
-22.6667 -19.3333 -16.6667 -16.6667 -0.5714 -13.4286 5.4
-24.384615384 -20.285714285 -14.514285714 -18.1875 -2.8571 -13.7143 5.4
-24.384615384 -19.285714285 -16.514285714 -18.1875 -3.2857 -12.5714 5.4
-24.384615384 -17.285714285 -16.514285714 -18.1875 -3.2857 -12.4286 5.4
-25.384615384 -19.285714285 -15.514285714 -18.1875 -2.8571 -12.4286 5.4
-24.384615384 -19.285714285 -16.514285714 -19.1875 -1.8571 -13.2857 5.4
-19 -24 -15 -15 -7.5714 -17.8571 5.5
-19 -22 -20 -20 -7.2857 -16.5714 5.5
-21 -27 -16 -16 -7 -18.5714 5.5
-19 -23 -18 -18 -7 -18 5.5
-19 -25 -24 -24 -7.2857 -16.1429 5.5
-19 -22 -24 -24 -6.7143 -18 5.5
-20 -24 -19 -19 -7.4286 -16.5714 5.5
-20 -20 -19 -19 -7.2857 -16.7143 5.5
-20 -23 -18 -18 -6.7143 -16.1429 5.5
-20 -24 -18 -18 -7.2857 -18.2857 5.5
-19.5 -31 -22 -26 -17.625 -18.75 6.1
-22 -29.5 -26.5 -29 -17.875 -17.125 6.1
-21 -30.5 -25 -28 -17.5 -17.375 6.1
-21 -30.5 -24 -27 -17.5 -16.625 6.1
-23.5 -28 -25 -29.5 -17.875 -17.375 6.1
-19 -29 -24 -27 -17 -18.625 6.1
-20.5 -32.5 -28.5 -30 -17.375 -16.875 6.1
-17.5 -28.5 -24.5 -27.5 -18.25 -17.5 6.1
-23 -27 -23 -28.5 -17.75 -18.75 6.1
-15 -30.5 -29 -27 -17.625 -17.875 6.1
-27 -30.25 -25 -25 -10.2857 -12 6.2
-27 -30.25 -25 -25 -10 -12.1429 6.2
-27 -30.25 -25 -25 -10.5714 -12.2857 6.2
-27 -30.25 -25 -25 -9.4286 -12.5714 6.2
-27 -30.25 -25 -25 -11.1429 -12 6.2
-27.304347826 -31.3 -22 -23.8087 -10.1429 -13.1429 6.2
-26.304347826 -31 -27 -24.8087 -10 -12.5714 6.2
-28.304347826 -31.4 -25 -24.8087 -10.5714 -14.2857 6.2
-26.304347826 -32 -26 -25.8087 -10 -12.4286 6.2
-26.304347826 -31 -27 -24.8087 -9.8571 -13.2857 6.2
-16 -24 -20.5 -30 -8.5 0 6.3
-13.5 -23.5 -20.5 -33 -8.75 0 6.3
-10.5 -27 -21 -29.5 -8.5 0 6.3
-12 -24.5 -20 -29 -9.625 0 6.3
-20.5 -26 -21 -31.5 -9.125 0 6.3
-13 -23.5 -20 -30 -8.625 0 6.3
-14 -24 -20.5 -33.5 -8.75 0 6.3
-14.5 -23 -22 -28.5 -9.75 0 6.3
-12.5 -26.5 -20.5 -29.5 -8.625 0 6.3
-9.5 -24 -20 -29 -8.625 0 6.3
-21.763636363 -22.0776 -26.434782608 -21.305084745 -15.4286 0 6.4
-24.763636363 -21.0776 -25.434782608 -24.305084745 -15 0 6.4
-26.763636363 -22.0776 -26.434782608 -23.305084745 -15.2857 0 6.4
-26.363636363 -22.0776 -24.434782608 -24.305084745 -15.7143 0 6.4
-28.763636363 -21.0776 -25.434782608 -23.305084745 -15.4286 0 6.4
-21.763636363 -22.0776 -26.434782608 -21.305084745 -14.8571 0 6.4
-24.763636363 -21.0776 -25.434782608 -24.305084745 -15.4286 0 6.4
-26.763636363 -22.0776 -26.434782608 -23.305084745 -15.8571 0 6.4
-26.363636363 -22.0776 -24.434782608 -24.305084745 -14.8571 0 6.4
-28.763636363 -21.0776 -25.434782608 -23.305084745 -15.8571 0 6.4
-27.111111111 -18.6293 -19.166666666 -18.5 -11.5714 -11.2857 6.5
-24.111111111 -17.6293 -20.166666666 -18.1 -12.1429 -11.4286 6.5
-28.111111111 -18.3293 -18.166666666 -18.5 -12 -11 6.5
-26.311111111 -16.6293 -19.366666666 -18 -11.8571 -12.5714 6.5
-27.111111111 -18.6293 -19.166666666 -18.532 -12 -11 6.5
-27.111111111 -18.6293 -19.166666666 -18.5 -12 -11.7143 6.5
-24.111111111 -17.6293 -20.166666666 -18.1 -11.1429 -10 6.5
-28.111111111 -18.3293 -18.166666666 -18.5 -11.1429 -12.1429 6.5
-26.311111111 -16.6293 -19.366666666 -18 -11.7143 -10 6.5
-27.111111111 -18.6293 -19.166666666 -18.532 -12.2857 -11.7143 6.5
-13.5 -25 -20 -22 -19.5 -13 7.1
-13.5 -27.5 -20 -21.5 -20.5 -9.5 7.1
-14 -27.5 -22 -21.5 -21.5 -10 7.1
-15 -27.5 -21 -22.5 -21 -11 7.1
-15.5 -26.5 -21.5 -21.5 -22 -11 7.1
-19 -28.5 -21 -22.5 -21 -13.5 7.1
-14.5 -26 -21 -21.5 -20 -11.5 7.1
-16 -28.5 -20.5 -22 -21.5 -15 7.1
-19.5 -25.5 -21.5 -22.5 -19.5 -12.5 7.1
-17 -28 -21 -22 -22 -10 7.1
-23.813333333 -21.1538 -15.721518987 -16.23076923 -20.25 -4.25 7.2
-26.813333333 -23.1538 -18.721518987 -15.23076923 -19.75 -6.75 7.2
-25.313333333 -26.1538 -17.721518987 -16.24076923 -19.75 -4.5 7.2
-25.413333333 -22.1538 -15.421518987 -16.55576923 -19.75 -2.25 7.2
-22.813333333 -21.1538 -15.121518987 -19.23076923 -19.5 -4.25 7.2
-23.813333333 -21.1538 -15.721518987 -16.23076923 -18 -5.5 7.2
-26.813333333 -23.1538 -18.721518987 -15.23076923 -19.75 -4.75 7.2
-25.313333333 -26.1538 -17.721518987 -16.24076923 -20.25 -5.75 7.2
-25.413333333 -22.1538 -15.421518987 -16.55576923 -19.25 -6.5 7.2
-22.813333333 -21.1538 -15.121518987 -19.23076923 -20.75 -3.5 7.2
-30 -28 -11 -23 -16.7143 0 7.3
-29 -26 -12 -21 -16 0 7.3
-28 -27 -12 -21 -14.8571 0 7.3
-31 -26 -12 -26 -16 0 7.3
-27 -27 -11 -26 -16.5714 0 7.3
-29 -27 -14 -26 -16 0 7.3
-29 -27 -11 -30 -16.2857 0 7.3
-23 -28 -12 -26 -17.1429 0 7.3
-27 -27 -14 -26 -16.2857 0 7.3
-18 -28 -12 -25 -15.5714 0 7.3
-25 -19 -16 -15 -10.6667 0 7.4
-17 -16 -17 -12 -10.3333 0 7.4
-21 -17 -16 -11 -8.3333 0 7.4
-27 -21 -16 -11 -8.6667 0 7.4
-23 -21 -20 -10 -10.3333 0 7.4
-16 -17 -15 -9 -9.6667 0 7.4
-17 -18 -17 -8 -9.3333 0 7.4
-18 -20 -20 -11 -9.6667 0 7.4
-28 -18 -17 -10 -11.6667 0 7.4
-24 -15 -16 -11 -11.6667 0 7.4
-27.7059 -26.76056338 -13.407894736 -21.671875 -23 -5.5714 7.5
-28.2059 -25.76056338 -12.407894736 -20.671875 -23 -6.7143 7.5
-30.7059 -28.76056338 -15.407894736 -22.671875 -24.2857 -5.8571 7.5
-27.7059 -22.76056338 -12.507894736 -21.671875 -23.1429 -5.4286 7.5
-28.7059 -25.76056338 -12.407894736 -20.671875 -24.5714 -5.4286 7.5
-27.7059 -26.76056338 -13.407894736 -21.671875 -23.1429 -5.8571 7.5
-28.2059 -25.76056338 -12.407894736 -20.671875 -24.2857 -6.4286 7.5
-30.7059 -28.76056338 -15.407894736 -22.671875 -23.1429 -5.7143 7.5
-27.7059 -22.76056338 -12.507894736 -21.671875 -24.2857 -6.1429 7.5
-28.7059 -25.76056338 -12.407894736 -20.671875 -23.5714 -6.1429 7.5
-30.5943 -28.586206896 -16.802631578 -8.636363636 -15.375 -12.125 8.1
-31.5943 -29.586206896 -15.802631578 -7.636363636 -15.25 -11.875 8.1
-33.5943 -23.586206896 -18.802631578 -6.436363636 -16 -11.875 8.1
-34.5943 -28.586206896 -16.802631578 -6.136363636 -16.25 -11.875 8.1
-30.5943 -29.586206896 -16.802631578 -6.636363636 -15.5 -12 8.1
-30.5943 -28.586206896 -16.802631578 -8.636363636 -16.625 -11.75 8.1
-31.5943 -29.586206896 -15.802631578 -7.636363636 -15.125 -11.875 8.1
-33.5943 -23.586206896 -18.802631578 -6.436363636 -16.125 -11.5 8.1
-34.5943 -28.586206896 -16.802631578 -6.136363636 -15.875 -12.25 8.1
-30.5943 -29.586206896 -16.802631578 -6.636363636 -15.5 -12.25 8.1
-14.81081081 -27.3611 -12.415094339 -14.541666666 -15.5 0 8.2
-11.81081081 -27.3611 -14.415094339 -17.541666666 -12.5 0 8.2
-15.81081081 -28.3611 -14.015094339 -13.541666666 -13.5 0 8.2
-12.81081081 -27.3611 -14.415094339 -14.541666666 -14 0 8.2
-14.81081081 -28.3611 -15.415094339 -13.541666666 -15 0 8.2
-14.81081081 -27.3611 -12.415094339 -14.541666666 -11.5 0 8.2
-11.81081081 -27.3611 -14.415094339 -17.541666666 -13.5 0 8.2
-15.81081081 -28.3611 -14.015094339 -13.541666666 -16 0 8.2
-12.81081081 -27.3611 -14.415094339 -14.541666666 -17 0 8.2
-14.81081081 -28.3611 -15.415094339 -13.541666666 -13 0 8.2
-18.174603174 -21.0606 -17.25 -15.314285714 -16 0 8.3
-19.174603174 -23.0606 -16.25 -13.314285714 -16.4 0 8.3
-17.174603174 -20.0606 -18.25 -12.414285714 -16.4 0 8.3
-19.374603174 -21.0606 -17.25 -12.314285714 -16.4 0 8.3
-19.974603174 -23.0606 -17.25 -12.314285714 -15.6 0 8.3
-18.174603174 -21.0606 -17.25 -15.314285714 -16.2 0 8.3
-19.174603174 -23.0606 -16.25 -13.314285714 -16.6 0 8.3
-17.174603174 -20.0606 -18.25 -12.414285714 -16.8 0 8.3
-19.374603174 -21.0606 -17.25 -12.314285714 -17.6 0 8.3
-19.974603174 -23.0606 -17.25 -12.314285714 -15.8 0 8.3
-19 -17.785714285 -7.761904761 -11.565217391 -10.1429 0 8.4
-12 -18.785714285 -6.761904761 -13.565217391 -10.4286 0 8.4
-18 -19.785714285 -8.761904761 -12.565217391 -10.8571 0 8.4
-13.8 -19.085714285 -6.261904761 -10.565217391 -11.4286 0 8.4
-19.1 -20.785714285 -6.761904761 -11.865217391 -9.5714 0 8.4
-19 -17.785714285 -7.761904761 -11.565217391 -10.7143 0 8.4
-12 -18.785714285 -6.761904761 -13.565217391 -10.1429 0 8.4
-18 -19.785714285 -8.761904761 -12.565217391 -10.1429 0 8.4
-13.8 -19.085714285 -6.261904761 -10.565217391 -11.5714 0 8.4
-19.1 -20.785714285 -6.761904761 -11.865217391 -10.2857 0 8.4
-21.0851 -26.683544303 -7.276595744 -12.263736263 -20.3333 -12.3333 8.5
-25.0851 -26.283544303 -2.276595744 -13.263736263 -20 -13 8.5
-23.0851 -28.683544303 -7.276595744 -12.263736263 -20.6667 -12 8.5
-23.0851 -26.583544303 -8.276595744 -15.263736263 -21.6667 -14 8.5
-22.2851 -27.683544303 -9.276595744 -12.263736263 -20.6667 -12 8.5
-21.0851 -26.683544303 -7.276595744 -12.263736263 -21 -11.3333 8.5
-25.0851 -26.283544303 -2.276595744 -13.263736263 -20.6667 -11.6667 8.5
-23.0851 -28.683544303 -7.276595744 -12.263736263 -20.6667 -10.6667 8.5
-23.0851 -26.583544303 -8.276595744 -15.263736263 -22 -10.6667 8.5
-22.2851 -27.683544303 -9.276595744 -12.263736263 -20.3333 -13 8.5
-32.4359 -28.557377049 -22.3 -10.826086956 -21.2857 -20 9.1
-31.4359 -29.557377049 -25.3 -12.826086956 -21.7143 -21.1429 9.1
-33.4359 -27.557377049 -24.54 -10.826086956 -21.2857 -19.5714 9.1
-32.4359 -26.157377049 -22.9 -12.826086956 -21.1429 -21.2857 9.1
-32.4359 -28.557377049 -21.3 -15.826086956 -20.8571 -20.7143 9.1
-32.4359 -28.557377049 -22.3 -10.826086956 -21.8571 -21 9.1
-31.4359 -29.557377049 -25.3 -12.826086956 -21.5714 -21.4286 9.1
-33.4359 -27.557377049 -24.54 -10.826086956 -21.7143 -20.1429 9.1
-32.4359 -26.157377049 -22.9 -12.826086956 -21.8571 -20.8571 9.1
-32.4359 -28.557377049 -21.3 -15.826086956 -21 -19.5714 9.1
-30.05 -22.2105 -17.419354838 -7.833333333 -14.875 -12.5 9.2
-32.05 -24.2105 -15.419354838 -8.833333333 -14.875 -12.375 9.2
-30.15 -21.2105 -18.419354838 -9.833333333 -15.625 -11.75 9.2
-30.675 -25.2105 -19.419354838 -7.533333333 -15 -11.625 9.2
-32.05 -22.2105 -17.419354838 -6.833333333 -15.5 -11.625 9.2
-30.05 -22.2105 -17.419354838 -7.833333333 -15.5 -11.625 9.2
-32.05 -24.2105 -15.419354838 -8.833333333 -14.875 -10.5 9.2
-30.15 -21.2105 -18.419354838 -9.833333333 -14.875 -12.625 9.2
-30.675 -25.2105 -19.419354838 -7.533333333 -15.75 -13.5 9.2
-32.05 -22.2105 -17.419354838 -6.833333333 -16.5 -13 9.2
-25.06557377 27.5455 -17.296296296 -5.04347826 -19.25 -0.25 9.3
-26.06557377 28.5455 -16.296296296 -6.04347826 -18.75 -0.25 9.3
-22.06557377 29.5455 -17.796296296 -8.04347826 -19.5 -0.5 9.3
-26.36557377 22.5455 -18.496296296 -7.04347826 -19.25 -0.25 9.3
-26.56557377 27.5455 -19.296296296 -6.32347826 -18 -0.25 9.3
-25.06557377 27.5455 -17.296296296 -5.04347826 -19.25 -0.25 9.3
-26.06557377 28.5455 -16.296296296 -6.04347826 -19.25 0 9.3
-22.06557377 29.5455 -17.796296296 -8.04347826 -18 0 9.3
-26.36557377 22.5455 -18.496296296 -7.04347826 -19.5 0 9.3
-26.56557377 27.5455 -19.296296296 -6.32347826 -19.75 0 9.3
-22.982300884 -23.3636 -19.822222222 -13.269230769 -14 -7.5 9.4
-21.982300884 -24.3636 -17.822222222 -12.269230769 -14 -5.5 9.4
-24.982300884 -25.3636 -19.022222222 -11.269230769 -14.5 -7.5 9.4
-23.982300884 -21.3636 -21.822222222 -11.269230769 -15 -8.5 9.4
-21.082300884 -22.3636 -19.822222222 -10.269230769 -17 -9 9.4
-22.982300884 -23.3636 -19.822222222 -13.269230769 -14.5 -8 9.4
-21.982300884 -24.3636 -17.822222222 -12.269230769 -14.5 -11 9.4
-24.982300884 -25.3636 -19.022222222 -11.269230769 -16.5 -5.5 9.4
-23.982300884 -21.3636 -21.822222222 -11.269230769 -15 -5.5 9.4
-21.082300884 -22.3636 -19.822222222 -10.269230769 -13 -5 9.4
-26 -26 -12 -12 -22.25 -6.625 9.5
-26 -28 -10 -10 -22.625 -6.75 9.5
-28 -25 -9 -9 -22.25 -6.75 9.5
-25 -28 -12 -12 -21.5 -7.375 9.5
-27 -26 -11 -11 -22.5 -6.375 9.5
-26 -29 -9 -9 -21.75 -8 9.5
-27 -29 -9 -9 -23.125 -8 9.5
-30 -25 -11 -11 -23 -6.5 9.5
-27 -26 -6 -6 -22.375 -7.125 9.5
-30 -31 -11 -11 -23.125 -6.875 9.5
-34.018518518 -30.7857 -32.338461538 -0.450704225 -15.25 -22.75 10.1
-35.018518518 -31.0857 -31.338461538 -2.450704225 -15.5 -22 10.1
-33.018518518 -34.7857 -30.538461538 -0.050704225 -15.375 -22 10.1
-32.018518518 -32.7857 -30.638461538 -1.450704225 -15.375 -22.25 10.1
-34.018518518 -31.7857 -32.338461538 -0.250704225 -15 -23 10.1
-34.018518518 -30.7857 -32.338461538 -0.450704225 -15 -21.875 10.1
-35.018518518 -31.0857 -31.338461538 -2.450704225 -15.375 -22.5 10.1
-33.018518518 -34.7857 -30.538461538 -0.050704225 -15.5 -21.875 10.1
-32.018518518 -32.7857 -30.638461538 -1.450704225 -16.125 -22.375 10.1
-34.018518518 -31.7857 -32.338461538 -0.250704225 -15.25 -22.375 10.1
-27.059259259 -31.6 -15.469 -8.4 -14.1429 -16.7143 10.2
-25.259259259 -32.6 -18.469 -7.4 -13.5714 -16.8571 10.2
-26.259259259 -31.4 -16.469 -6.4 -13.8571 -17.1429 10.2
-28.259259259 -33.6 -17.469 -7.5 -14.5714 -17.1429 10.2
-27.659259259 -32.6 -17.469 -7.4 -13 -17.5714 10.2
-27.059259259 -31.6 -15.469 -8.4 -13.8571 -18.7143 10.2
-25.259259259 -32.6 -18.469 -7.4 -14.2857 -16.4286 10.2
-26.259259259 -31.4 -16.469 -6.4 -14 -16.7143 10.2
-28.259259259 -33.6 -17.469 -7.5 -13.4286 -17.5714 10.2
-27.659259259 -32.6 -17.469 -7.4 -15.8571 -16.8571 10.2
-32.547619047 -26.90625 -15.819444444 -11.6552 -21.1667 -11.6667 10.3
-33.547619047 -26.90625 -14.819444444 -13.6552 -22.5 -13.5 10.3
-30.547619047 -22.90625 -16.419444444 -15.6552 -20.6667 -12 10.3
-31.547619047 -23.90625 -17.819444444 -12.6552 -21.6667 -11.3333 10.3
-31.947619047 -25.00625 -16.819444444 -11.6552 -21 -12.3333 10.3
-32.547619047 -26.90625 -15.819444444 -11.6552 -21 -11.3333 10.3
-33.547619047 -26.90625 -14.819444444 -13.6552 -21.3333 -11.5 10.3
-30.547619047 -22.90625 -16.419444444 -15.6552 -21.3333 -11.5 10.3
-31.547619047 -23.90625 -17.819444444 -12.6552 -20.3333 -11.5 10.3
-31.947619047 -25.00625 -16.819444444 -11.6552 -20.3333 -12.8333 10.3
-23.56626506 -29.953846153 -2.960784313 -4.5556 -18.8 -12 10.4
-22.56626506 -28.953846153 -0.060784313 -3.5556 -18.2 -10.6 10.4
-21.56626506 -30.953846153 -1.960784313 -2.5556 -18 -13 10.4
-19.56626506 -32.953846153 -1.960784313 -4.0556 -18.4 -13.2 10.4
-20.56626506 -31.053846153 -0.960784313 -5.5556 -17.4 -12 10.4
-23.56626506 -29.953846153 -2.960784313 -4.5556 -16.2 -11.8 10.4
-22.56626506 -28.953846153 -0.060784313 -3.5556 -16 -11.8 10.4
-21.56626506 -30.953846153 -1.960784313 -2.5556 -18.6 -11.8 10.4
-19.56626506 -32.953846153 -1.960784313 -4.0556 -15.8 -11.6 10.4
-20.56626506 -31.053846153 -0.960784313 -5.5556 -18.2 -10.6 10.4
-25.6757 -29.157894736 0 -13.909090909 -14.75 -18.625 10.5
-24.6757 -27.157894736 -1 -14.909090909 -13.5 -18.25 10.5
-21.6757 -28.157894736 -0.5 -13.409090909 -13.25 -17.25 10.5
-23.6757 -29.157894736 0 -12.909090909 -12.875 -19 10.5
-23.6757 -28.157894736 0 -13.909090909 -13.5 -16.875 10.5
-25.6757 -29.157894736 0 -13.909090909 -13.625 -19.125 10.5
-24.6757 -27.157894736 -1 -14.909090909 -14.5 -20 10.5
-21.6757 -28.157894736 -0.5 -13.409090909 -13.875 -18.5 10.5
-23.6757 -29.157894736 0 -12.909090909 -13.5 -17.125 10.5
-23.6757 -28.157894736 0 -13.909090909 -13 -18.125 10.5
