-62.9 -64.4 -82.4 -90.7 1.1
-62.2 -64.3 -85.2 -90.8 1.1
-62.7 -64.3 -85.5 -92.1 1.1
-63.4 -64.2 -83.6 -91.9 1.1
-62.9 -63 -81.3 -93 1.1
-63.1 -62.3 -82.1 -93.2 1.1
-62.2 -64.2 -83.3 -94.4 1.1
-61.9 -65 -79.9 -91.4 1.1
-62.2 -64.1 -79.7 -91.6 1.1
-62.1 -64.2 -80 -92.5 1.1
-66 -68.5 -75.25 -87 1.2
-66 -65.75 -76.25 -85.5 1.2
-66.25 -65.5 -75.5 -86.75 1.2
-66.25 -65 -75.25 -86.75 1.2
-66.5 -65 -75.5 -87 1.2
-66 -68.25 -75.5 -87.75 1.2
-66.75 -66 -75.75 -87.25 1.2
-66.5 -66.25 -76.5 -86.75 1.2
-66 -65.75 -76.5 -84.25 1.2
-65.75 -64.5 -75.75 -85.25 1.2
-64 -61 -80 -86 1.3
-65 -61 -80 -86 1.3
-66 -62 -82 -87 1.3
-65 -61 -80 -89 1.3
-63 -63 -80 -86 1.3
-65 -61 -80 -85 1.3
-64 -61 -80 -86 1.3
-64 -62 -80 -87 1.3
-69 -62 -81 -87 1.3
-65 -61 -81 -85 1.3
-70.6 -50.8 -76.4 -78.8 1.4
-71 -50 -74 -78.4 1.4
-72.2 -50 -74.2 -78.4 1.4
-70.6 -50.2 -74 -78.6 1.4
-70.4 -50.2 -74 -78 1.4
-69.8 -53.6 -75 -78.2 1.4
-71.2 -49.6 -74 -77.8 1.4
-71.8 -50 -74.4 -80.4 1.4
-71.8 -50.2 -74.4 -78.2 1.4
-70.8 -50.4 -74.2 -78.8 1.4
-71.8333 -50.8333 -81.8333 -81.3333 1.5
-71.8333 -48 -82.3333 -81.1667 1.5
-71.5 -52.3333 -83.6667 -81.5 1.5
-70 -50 -83.5 -80.5 1.5
-72 -46.3333 -84.1667 -85 1.5
-77.1667 -49.8333 -86.8333 -86.5 1.5
-77.8333 -47.1667 -87 -84 1.5
-78 -47.5 -86.3333 -84 1.5
-76.1667 -47.5 -84.6667 -84.5 1.5
-75.3333 -47.5 -86.3333 -84.3333 1.5
-64.1071 -69.8571 -81.0714 -89.1429 2.1
-64.3929 -68.75 -81.1429 -90.5 2.1
-64.5 -68 -81.4286 -90.7143 2.1
-64.5 -67.2143 -81.6429 -91.3571 2.1
-64.5 -67.2143 -81.5714 -90.5 2.1
-64.5 -70 -81.3571 -91.5 2.1
-64.5 -68.5714 -81.4286 -90.7857 2.1
-64.5 -66 -81.6429 -91 2.1
-64.5 -67.9286 -81.5714 -91.2143 2.1
-64.5 -69 -81.3571 -90.5 2.1
-56.4706 -68.5294 -82.5294 -88.4706 2.2
-58.4118 -70 -82.0588 -86.2353 2.2
-59.5294 -70 -82.2353 -85.2941 2.2
-58.5294 -70.7059 -85.0588 -85.3529 2.2
-58.8235 -73.2353 -85.5294 -85.8235 2.2
-58.0588 -74.1176 -86.1176 -85.7059 2.2
-58.1765 -70.7059 -85.1765 -85.8235 2.2
-58 -69.4118 -84.8235 -86.3529 2.2
-57.8235 -70.4118 -83.5294 -86.5882 2.2
-57.5882 -70.2353 -82.3529 -86.8824 2.2
-58 -61.7143 -72.2857 -90 2.3
-58 -62.7143 -72.1429 -90 2.3
-59.2857 -62.4286 -72.5714 -90 2.3
-61 -62.4286 -72.2857 -90 2.3
-61 -62.1429 -72.1429 -90 2.3
-60.1429 -61.8571 -72.5714 -90 2.3
-60 -63.2857 -72.2857 -90 2.3
-59.7143 -62 -72.1429 -90 2.3
-59 -62 -72.5714 -90 2.3
-59 -62.2857 -72.2857 -90 2.3
-66.9091 -52 -66.7273 -72.6364 2.4
-67.0909 -53.0909 -66.3636 -73.7273 2.4
-66.9091 -53.5455 -67.1818 -75.3636 2.4
-67.0909 -49 -66.6364 -73.1818 2.4
-66.9091 -49.6364 -66.6364 -73.1818 2.4
-67.0909 -50.4545 -66.9091 -75.8182 2.4
-68.6364 -54.6364 -69.4545 -76.5455 2.4
-66.7273 -54.2727 -67.8182 -75 2.4
-66.0909 -50.9091 -66 -72.8182 2.4
-67.7273 -53.7273 -68.3636 -75.8182 2.4
-67 -50.8 -92 -84.8 2.5
-67.2 -51 -92 -85.2 2.5
-68 -51.2 -92 -85 2.5
-68.4 -50.6 -92 -84.8 2.5
-69 -51.4 -92 -85.2 2.5
-67.2 -51 -92.2 -85.6 2.5
-66 -50.2 -93.4 -86.8 2.5
-66.6 -48.6 -92.6 -86.2 2.5
-69 -50.6 -92.6 -86.8 2.5
-69 -48.8 -93.4 -86.2 2.5
-69.9091 -73 -83.9091 -88.2727 3.1
-71.0909 -72.0909 -82.7273 -89.1818 3.1
-70 -73.3636 -83.1818 -88 3.1
-69.3636 -71.8182 -83.0909 -87.2727 3.1
-69.6364 -72.2727 -83.5455 -87.5455 3.1
-70.8182 -72.3636 -83.1818 -88 3.1
-70 -72.6364 -83.0909 -88.1818 3.1
-69.4545 -71.6364 -82.3636 -89.2727 3.1
-70 -72.1818 -82.7273 -88.1818 3.1
-69.0909 -72.3636 -82.6364 -89.1818 3.1
-59.5833 -64.9167 -74.1667 -79 3.2
-56.25 -62.4167 -74.0833 -77.9167 3.2
-58.0833 -60.6667 -71.5 -80.1667 3.2
-61.5 -63.5 -75.5833 -83.5 3.2
-60.3333 -65.5833 -74.4167 -77.8333 3.2
-57.8333 -67.5833 -74.1667 -76 3.2
-54 -64.8333 -76 -77.6667 3.2
-54 -65.1667 -74 -77.6667 3.2
-54 -64 -74.3333 -77.6667 3.2
-54 -64.8333 -81 -77.6667 3.2
-70 -54.25 -81.125 -77.5 3.3
-69.375 -55.75 -79.125 -78.625 3.3
-68.5 -56 -79 -78 3.3
-68.125 -54.25 -79.1875 -77.3125 3.3
-67.875 -54 -79.875 -77.5625 3.3
-68.125 -56.5 -79.625 -78 3.3
-68 -59 -79.375 -78.4375 3.3
-68.125 -58.75 -79.75 -78.0625 3.3
-68.25 -58 -79.5625 -78.1875 3.3
-68 -56.5 -79.5 -77.4375 3.3
-75.3125 -59.875 -64.9375 -78 3.4
-77.4375 -62.5625 -65.8125 -78.75 3.4
-76.75 -60.375 -65.25 -78.75 3.4
-76.8125 -60.0625 -65 -78.1875 3.4
-76.75 -61 -65.375 -78.75 3.4
-74.8125 -62.5625 -67.4375 -79.25 3.4
-77.5625 -62.625 -65.4375 -79.25 3.4
-78 -61.8125 -66.3125 -78.9375 3.4
-79.1875 -61.25 -65.5625 -78.8125 3.4
-77.1875 -61.5625 -66.1875 -78.9375 3.4
-80.875 -71.625 -78.75 -89.75 3.5
-80.75 -72 -79 -88.25 3.5
-80.75 -72.875 -79 -89.75 3.5
-80.75 -73 -79 -88.25 3.5
-80.75 -67.75 -79 -89.75 3.5
-80.75 -67 -79 -88.25 3.5
-80.75 -70.5 -79 -89.75 3.5
-80.75 -71 -79 -88.25 3.5
-80.75 -69.25 -79 -89.75 3.5
-80.75 -69 -79 -88.25 3.5
-76.875 -72.125 -87.4792 -89.375 4.1
-76.7083 -71.8958 -87.6042 -88.7292 4.1
-77.1875 -71.8125 -88.0417 -89.0208 4.1
-77.1875 -72.125 -87.3125 -89.3958 4.1
-76.7292 -72.4583 -88.125 -89.375 4.1
-76.3125 -71.9583 -87.9583 -89.1667 4.1
-77.3125 -71.9167 -87.3333 -89.3542 4.1
-77.4375 -72.8125 -86.0208 -89.4583 4.1
-77.5 -71.9792 -88.125 -88.9375 4.1
-76.8542 -71.8333 -87.375 -88.7083 4.1
-66.75 -73.5 -75.25 -76.25 4.2
-67 -74.5 -74 -79.5 4.2
-66 -73.75 -74.75 -75 4.2
-66.5 -73.5 -75.5 -75 4.2
-67.25 -73.25 -74.75 -75 4.2
-68 -73.5 -75.25 -75 4.2
-65.75 -72.75 -74.75 -75 4.2
-68 -73 -75.5 -75 4.2
-67.5 -73 -75.5 -75 4.2
-65.5 -73 -75.5 -78.75 4.2
-70.5 -71 -69 -79.5 4.3
-72 -78 -68 -78.5 4.3
-70 -70.5 -67.5 -81.5 4.3
-70 -71 -67.5 -79 4.3
-73.5 -77 -67 -80 4.3
-69.5 -71 -68 -78.5 4.3
-70 -70.5 -68 -78.5 4.3
-70 -71 -67.5 -79.5 4.3
-68 -69 -66 -78.5 4.3
-69 -68 -67.5 -79.5 4.3
-70.4 -63.4 -73 -85.1 4.4
-71.9 -62.7 -73.6 -85.8 4.4
-71.9 -63 -73.9 -86.1 4.4
-72.2 -62.6 -73.9 -85.9 4.4
-72.2 -63.2 -73.9 -86.1 4.4
-71 -62 -73.3 -85.7 4.4
-72.3 -64.5 -73.8 -85.7 4.4
-72.4 -63 -73.8 -85.2 4.4
-72.2 -63.6 -74.8 -85.7 4.4
-72.2 -63.4 -73.9 -85.8 4.4
-78.4 -71.8 -77 -86.6 4.5
-76.6 -72 -77.6 -85.6 4.5
-76.6 -71.4 -76.6 -85.6 4.5
-76.6 -71.8 -77.2 -86 4.5
-78 -72.2 -79 -86 4.5
-77 -72.2 -77.8 -86.2 4.5
-77.2 -71.8 -77.8 -86.2 4.5
-77.4 -72 -78 -86.2 4.5
-77.4 -74.6 -77.8 -86 4.5
-77.6 -72 -77.6 -86.4 4.5
-81.2 -68 -89 -81.4 5.1
-80.8 -66 -86.2 -78.4 5.1
-81.4 -67.6 -84.4 -82.8 5.1
-81.8 -67.6 -85.6 -84.4 5.1
-81.2 -69.2 -83.4 -83.2 5.1
-82.4 -69.8 -84.8 -83 5.1
-83.6 -66.2 -85.4 -82.8 5.1
-83.8 -67.2 -85.6 -83.6 5.1
-84.2 -66.8 -86.2 -82.6 5.1
-83 -67 -86.2 -82.6 5.1
-68.75 -68 -66.25 -74 5.2
-71.5 -67.75 -68.75 -78 5.2
-69.5 -65.5 -64 -73 5.2
-68.25 -67 -64.25 -74.5 5.2
-70 -66 -68 -73 5.2
-66.5 -67 -68 -73 5.2
-69.5 -68 -68 -73 5.2
-70 -65 -68 -73 5.2
-67 -65 -68 -72.5 5.2
-70 -66 -68 -72 5.2
-70.2857 -66.3571 -72.2381 -85.8333 5.3
-70.0714 -67.5238 -72.7857 -86.1905 5.3
-70.119 -67.1905 -73.5476 -86.6667 5.3
-70.3095 -68.1905 -74.0476 -86.3571 5.3
-69.4286 -66.6905 -73.9524 -86 5.3
-69.5238 -68 -73.9524 -86.0952 5.3
-71.0238 -66.5238 -73.2619 -87.2857 5.3
-71.3333 -66.0238 -72.8333 -87.4524 5.3
-71.3095 -66.7857 -73.3095 -87.4048 5.3
-70.4286 -67.6905 -72.9048 -86.4286 5.3
-64.6364 -72.5455 -76.7273 -72 5.4
-65 -73.0909 -77 -74.4545 5.4
-68.1818 -70 -74.0909 -74 5.4
-67.9091 -69.1818 -73.9091 -74 5.4
-68.0909 -69.4545 -74 -74.4545 5.4
-68 -69.9091 -74.0909 -75 5.4
-67.9091 -69 -73.9091 -75 5.4
-68.0909 -69.7273 -74 -75.7273 5.4
-67.8182 -69.6364 -74.0909 -76 5.4
-68.3636 -69 -73.9091 -76 5.4
-71.2857 -69 -75.7143 -79 5.5
-68.5714 -66.4286 -75.1429 -77.1429 5.5
-70.1429 -66 -74.8571 -77.2857 5.5
-71.5714 -66 -75.1429 -77.2857 5.5
-70.2857 -67.7143 -74.8571 -77.8571 5.5
-68.8571 -70 -75.1429 -77.8571 5.5
-71.1429 -70 -74.8571 -77.7143 5.5
-72 -70 -75.1429 -77.7143 5.5
-70.5714 -67.5714 -76 -78.8571 5.5
-70.7143 -68.4286 -75.8571 -76.1429 5.5
-69 -72 -79 -77 6.1
-70 -72 -79 -77 6.1
-71 -72 -79 -77 6.1
-69 -72 -79 -78 6.1
-70 -72 -79 -78 6.1
-71 -72 -79 -78 6.1
-69 -72 -81 -77 6.1
-70 -72 -81 -77 6.1
-71 -72 -81 -77 6.1
-69 -72 -81 -78 6.1
-72.12 -67.76 -79.44 -86.96 6.2
-73.44 -70.08 -79.88 -87 6.2
-74.6 -70.68 -80.12 -87 6.2
-73 -70.36 -80.16 -87 6.2
-73.92 -69.2 -79.96 -87 6.2
-75.92 -69.44 -80.2 -87 6.2
-76.64 -70.56 -80.04 -87 6.2
-76.16 -70.8 -79.92 -87 6.2
-78 -69.64 -79.72 -87 6.2
-73.84 -67 -79.6 -87 6.2
-73.5385 -74.4615 -76.3077 -84.1538 6.3
-73.9231 -75.0769 -76.5385 -85.2308 6.3
-73.9231 -75.3846 -76.9231 -85.2308 6.3
-74.2308 -75.6154 -78.1538 -85.2308 6.3
-74.3077 -75.2308 -76.3846 -84.7692 6.3
-74.3077 -75.5385 -77.0769 -85.2308 6.3
-74.4615 -76.4615 -76.5385 -84.5385 6.3
-74 -75.8462 -77.6923 -85.0769 6.3
-74.5385 -75.6154 -77.1538 -84.3846 6.3
-74.3077 -75.6154 -77.6154 -84.4615 6.3
-79.25 -73.5 -75.25 -78.5 6.4
-79.5 -74.75 -75.25 -78.75 6.4
-80.25 -74 -75.25 -78 6.4
-78.25 -72.75 -73.75 -77.5 6.4
-79.75 -76 -77.5 -80.75 6.4
-80.5 -76.5 -77.75 -80.75 6.4
-79.75 -76.75 -77.5 -80.5 6.4
-79.5 -75.75 -76.5 -78.75 6.4
-80.25 -75 -77 -79.5 6.4
-79 -75.75 -76 -78.75 6.4
-72.2667 -71.8667 -77.1333 -78.4 6.5
-71.3333 -72.8 -77.6667 -78 6.5
-71.8 -71.6667 -76.9333 -77.2667 6.5
-72.4667 -71.8667 -78.0667 -78.1333 6.5
-71.9333 -71.7333 -77.8 -77.6 6.5
-70.8667 -71.8667 -77.0667 -77.8667 6.5
-71.0667 -72.4667 -78.6667 -77.8 6.5
-71.1333 -71.9333 -77.2667 -77.6 6.5
-70.7333 -72.2667 -77.2667 -77.8667 6.5
-70.6 -72 -77.8 -77.6667 6.5
-76 -76 -81 -74 7.1
-75 -78 -81 -74 7.1
-75 -76 -81 -73 7.1
-75 -80 -81 -74 7.1
-75 -76 -82 -70 7.1
-75 -79 -82 -74 7.1
-76 -78 -81 -75 7.1
-75 -75 -81 -70 7.1
-76 -83 -82 -74 7.1
-75 -85 -82 -74 7.1
-78.4 -68.6667 -77.8667 -73.8 7.2
-79.4667 -70 -78.4 -74.7333 7.2
-79 -69.1333 -78.1333 -74.9333 7.2
-78.9333 -69.5333 -78.2667 -74.8667 7.2
-78.8667 -69.4 -78.0667 -74.6 7.2
-78.8 -69 -78.8667 -74.5333 7.2
-78.3333 -69 -78.2 -74.7333 7.2
-76.7333 -68.5333 -78.8 -74.4 7.2
-78.4667 -67.7333 -78.3333 -75.7333 7.2
-79.2 -69.6667 -79.2 -74.6 7.2
-82.3333 -81.3333 -66 -78 7.3
-81 -78.6667 -64.6667 -77.3333 7.3
-79 -79.6667 -63.6667 -77 7.3
-79 -80.3333 -64.3333 -79 7.3
-79 -79.6667 -64.3333 -76.3333 7.3
-80 -78.3333 -62.6667 -75.6667 7.3
-81.3333 -76.3333 -62 -77 7.3
-81.6667 -75.6667 -65 -77 7.3
-81.3333 -75.6667 -63 -77.6667 7.3
-81.6667 -76.3333 -63 -78 7.3
-75.25 -77.5 -68.25 -76.75 7.4
-73 -75.5 -65.75 -75.25 7.4
-72.5 -71.75 -64.75 -76.25 7.4
-73.25 -79.5 -66.5 -76 7.4
-72.5 -85 -65 -74.5 7.4
-74.75 -79.25 -64 -77.5 7.4
-77 -75.25 -68.5 -80 7.4
-77 -73.75 -65.5 -79 7.4
-75.5 -77 -68 -77 7.4
-75 -73 -69 -75 7.4
-80 -72.5 -71 -80 7.5
-80 -72.5 -75 -80 7.5
-80 -72.5 -70 -80 7.5
-80 -72.5 -71 -83 7.5
-80 -72.5 -75 -83 7.5
-80 -72.5 -70 -83 7.5
-76 -72.5 -71 -80 7.5
-76 -72.5 -75 -80 7.5
-76 -72.5 -70 -80 7.5
-76 -72.5 -71 -83 7.5
-84.0833 -77.5833 -74.4167 -74.75 8.1
-84.1667 -76.9167 -75.0833 -73.6667 8.1
-84.5833 -77.25 -73.5 -75.1667 8.1
-84.1667 -77.3333 -74.4167 -74.1667 8.1
-83.6667 -77.4167 -74.3333 -74.3333 8.1
-83.0833 -77.3333 -74.1667 -73.9167 8.1
-84.1667 -78.3333 -74.4167 -74.9167 8.1
-84.25 -76.6667 -74.9167 -74.5833 8.1
-83.9167 -77.75 -75.25 -73.9167 8.1
-83.75 -76.6667 -74.6667 -74 8.1
-70.1333 -69.6 -70.2333 -69.2667 8.2
-72.4667 -71.8333 -71.7667 -69.4333 8.2
-73.9667 -71.6 -71.9333 -71.9333 8.2
-74.3 -72.1667 -73.6333 -74.4 8.2
-74.0667 -72.0333 -73.5333 -73.0667 8.2
-74.1667 -72.0667 -73.7333 -73.2667 8.2
-74.1 -72.0667 -73.5667 -73 8.2
-74.1667 -72.0333 -73.6333 -73.8333 8.2
-74.3667 -72.4667 -73.8333 -74.6333 8.2
-73.8333 -71.9667 -73.4667 -73.5333 8.2
-85.5 -72.5 -69.25 -80.5 8.3
-85.75 -72.25 -70.25 -80.75 8.3
-86.5 -72.75 -72.25 -83 8.3
-86.25 -73 -71.75 -83 8.3
-87.25 -75 -72 -79.75 8.3
-85.5 -73.5 -71.5 -75 8.3
-85.75 -75.25 -71.25 -75 8.3
-85.5 -75.5 -71.25 -76 8.3
-85.25 -73.25 -70.75 -76 8.3
-87.75 -73 -71.75 -76.25 8.3
-68.2564 -78.8205 -61.8718 -71.2051 8.4
-67.5128 -79.2051 -61.6154 -71.3846 8.4
-67.5897 -79.1282 -61.6667 -71.0513 8.4
-67.5385 -79.0513 -62.1282 -71.2564 8.4
-67.8974 -79.2564 -61.5641 -71.2308 8.4
-68.0256 -79.1026 -62.0769 -71.3333 8.4
-67.9487 -79.0513 -62.2564 -71.2821 8.4
-67.5897 -78.8718 -61.8205 -71.4872 8.4
-67.9231 -79.0513 -61.8205 -71.1282 8.4
-68.2821 -79.3333 -61.4359 -71.1282 8.4
-73.8889 -82.4778 -74.4222 -83.0333 8.5
-74.1 -82.5667 -74.6444 -82.8444 8.5
-74.0778 -82.4667 -74.3778 -83.0667 8.5
-74.0444 -82.6444 -74.5 -82.9556 8.5
-74.0111 -82.5667 -74.5889 -82.9 8.5
-73.6778 -82.6333 -74.3222 -82.8222 8.5
-73.9444 -82.5556 -74.4444 -82.8667 8.5
-74.2 -82.7222 -74.8222 -83.0111 8.5
-74.2111 -82.7111 -74.9333 -82.9889 8.5
-74.0111 -82.5778 -74.4333 -82.9444 8.5
-88.5 -81.3333 -75.3333 -68.5 9.1
-87.8333 -80.5 -74.5 -68.3333 9.1
-89.3333 -82.1667 -75.5 -68.5 9.1
-89 -81.1667 -75.1667 -68.5 9.1
-89.3333 -81.5 -75.3333 -68.5 9.1
-88.3333 -81.6667 -75.6667 -68.8333 9.1
-88.6667 -82.6667 -75.8333 -69.1667 9.1
-89.1667 -82.6667 -76.1667 -69.6667 9.1
-88.8333 -81.6667 -76.5 -68.6667 9.1
-88.8333 -82 -75.6667 -68.8333 9.1
-80.0154 -77.6923 -69.1077 -69.6462 9.2
-79.8308 -77.8769 -69.3231 -69.0308 9.2
-80.9846 -78.1846 -69.0154 -68.8923 9.2
-81.2308 -77.9846 -69.0462 -68.9385 9.2
-81.4308 -78.3077 -69.3692 -68.8 9.2
-81.7231 -79.3077 -68.9077 -68.9077 9.2
-81.7231 -79.2769 -69.1385 -68.8462 9.2
-81.2 -78.5385 -69.0154 -68.6154 9.2
-81.1077 -78.4769 -69.0462 -69.0769 9.2
-80.0769 -77.9231 -69.1538 -70.1231 9.2
-77.4211 -75.5 -71.1579 -68.7105 9.3
-77.8947 -75.9211 -71.1842 -69.4211 9.3
-78.0263 -75.7632 -70.9474 -69.3684 9.3
-78 -75.9211 -71 -69.3684 9.3
-77.8158 -75.7632 -71.2632 -69.1053 9.3
-78.2368 -75.8421 -71.2632 -69.4737 9.3
-77.8158 -76.3421 -72.1842 -69 9.3
-77.8684 -75.9211 -70.9737 -69.0789 9.3
-77.7368 -76.1579 -71 -69.0789 9.3
-77.6842 -75.9211 -71.1579 -69.1316 9.3
-76.0952 -77.3333 -77.9524 -74.9524 9.4
-76.0476 -77.2857 -77.7619 -74.9048 9.4
-75.7143 -77.381 -78.4762 -75.0476 9.4
-75.9048 -76.7619 -77.8095 -74.8095 9.4
-75.7619 -77.0952 -78.3333 -74.8095 9.4
-78.9048 -78.2381 -77.6667 -75.381 9.4
-77.5714 -82.4762 -76.9048 -75.4762 9.4
-78.1429 -82.1905 -77.2857 -75.6667 9.4
-77.9524 -82.5238 -77.381 -75.7143 9.4
-77.4762 -82.2857 -77.5714 -75.2857 9.4
-77 -79 -68 -85 9.5
-77 -78 -68 -77 9.5
-77 -78 -69 -76 9.5
-76 -80 -70 -76 9.5
-76 -80 -69 -76 9.5
-78 -85 -69 -75 9.5
-77 -78 -68 -77 9.5
-80 -80 -70 -74 9.5
-76 -80 -68 -78 9.5
-78 -78 -70 -79 9.5
-84 -87 -74 -53 10.1
-84 -87 -74 -54.3333 10.1
-84 -86 -74 -53.6667 10.1
-84 -85.6667 -74 -53.6667 10.1
-84 -85 -74 -54.6667 10.1
-84 -86.3333 -76 -54.6667 10.1
-84 -87 -77 -54.3333 10.1
-84 -86 -77 -53.6667 10.1
-84 -85.6667 -77 -53.6667 10.1
-84 -85 -77 -54.6667 10.1
-81 -78 -64.5 -70 10.2
-81 -78 -64.5 -68 10.2
-81 -72 -64.5 -70 10.2
-81 -72 -64.5 -68 10.2
-81.5 -77 -64.5 -70 10.2
-81.5 -77 -64.5 -67 10.2
-81.5 -70 -64.5 -70 10.2
-81.5 -70 -64.5 -67 10.2
-81.5 -78 -64.5 -68.5 10.2
-81 -76.25 -64.5 -68 10.2
-76 -85.4 -63.8 -71 10.3
-76 -86.6 -63.8 -67 10.3
-76 -85.4 -62.6 -69.6 10.3
-74.4 -86.6 -62.6 -71.6 10.3
-72 -85.4 -63.6 -70 10.3
-72 -86.6 -63.6 -66 10.3
-72 -85.4 -63.8 -72 10.3
-70.4 -86.6 -63.8 -71.2 10.3
-70 -85.4 -62.6 -68 10.3
-70 -86.6 -62.6 -68.4 10.3
-72.4286 -84 -63.4286 -75.2857 10.4
-72.4286 -84 -63 -71.5714 10.4
-72.4286 -84 -63.5714 -74.7143 10.4
-72.5714 -85.1429 -63.4286 -76.4286 10.4
-72.5714 -86 -63 -72.4286 10.4
-72.5714 -86 -63.5714 -72.7143 10.4
-72.4286 -85.8571 -63.4286 -76.8571 10.4
-72.4286 -85 -63 -74.5714 10.4
-72.4286 -85 -63.5714 -71.8571 10.4
-72.5714 -85 -63.4286 -75.2857 10.4
-80.8 -81.2667 -53.4 -74.9333 10.5
-80.8667 -80.8 -52.9333 -74.8667 10.5
-80.8667 -81.0667 -53.2667 -75.7333 10.5
-80.8667 -80.4667 -52.9333 -75.7333 10.5
-80.8667 -80.9333 -53.2667 -75.5333 10.5
-81.3333 -80.9333 -53.2 -75.0667 10.5
-80.9333 -81.0667 -52.9333 -74.8667 10.5
-80.8667 -80.8 -53.4 -74.8 10.5
-81.5333 -81.1333 -53.0667 -76.2 10.5
-81 -80.9333 -53.4 -75 10.5
