-62.9 -64.4 -82.4 -90.7 -78 -73.3333 1.1
-62.2 -64.3 -85.2 -90.8 -78 -75.3333 1.1
-62.7 -64.3 -85.5 -92.1 -76 -73.3333 1.1
-63.4 -64.2 -83.6 -91.9 -76 -75.3333 1.1
-62.9 -63 -81.3 -93 -77 -73.3333 1.1
-63.1 -62.3 -82.1 -93.2 -77 -75.3333 1.1
-62.2 -64.2 -83.3 -94.4 -82 -73.3333 1.1
-61.9 -65 -79.9 -91.4 -82 -75.3333 1.1
-62.2 -64.1 -79.7 -91.6 -77 -74.3333 1.1
-62.1 -64.2 -80 -92.5 -76.3333 -74.3333 1.1
-66 -68.5 -75.25 -87 -78.2044 -78.9704 1.2
-66 -65.75 -76.25 -85.5 -78.3417 -78.8081 1.2
-66.25 -65.5 -75.5 -86.75 -77.805 -78.6069 1.2
-66.25 -65 -75.25 -86.75 -78.0421 -78.6505 1.2
-66.5 -65 -75.5 -87 -77.2605 -80.0156 1.2
-66 -68.25 -75.5 -87.75 -78.0312 -80.4181 1.2
-66.75 -66 -75.75 -87.25 -78.2715 -78.9875 1.2
-66.5 -66.25 -76.5 -86.75 -78.5086 -78.7582 1.2
-66 -65.75 -76.5 -84.25 -78.3229 -78.9579 1.2
-65.75 -64.5 -75.75 -85.25 -78.298 -79.0624 1.2
-64 -61 -80 -86 -71.0948 -79.158 1.3
-65 -61 -80 -86 -70.0402 -78.5862 1.3
-66 -62 -82 -87 -71.069 -78.9282 1.3
-65 -61 -80 -89 -71.023 -79.1983 1.3
-63 -63 -80 -86 -73.5862 -79.3075 1.3
-65 -61 -80 -85 -70.9828 -79.1092 1.3
-64 -61 -80 -86 -71.2902 -78.4655 1.3
-64 -62 -80 -87 -68.8966 -77.1667 1.3
-69 -62 -81 -87 -68.6322 -78.3592 1.3
-65 -61 -81 -85 -70.1724 -80.75 1.3
-70.6 -50.8 -76.4 -78.8 -70.75 -71.75 1.4
-71 -50 -74 -78.4 -77.25 -71 1.4
-72.2 -50 -74.2 -78.4 -73 -71.625 1.4
-70.6 -50.2 -74 -78.6 -72.75 -73 1.4
-70.4 -50.2 -74 -78 -72.5 -72.625 1.4
-69.8 -53.6 -75 -78.2 -74.25 -71.625 1.4
-71.2 -49.6 -74 -77.8 -71.375 -72 1.4
-71.8 -50 -74.4 -80.4 -70.125 -71.375 1.4
-71.8 -50.2 -74.4 -78.2 -77 -74 1.4
-70.8 -50.4 -74.2 -78.8 -72.25 -73.5 1.4
-71.8333 -50.8333 -81.8333 -81.3333 -69.9091 -74.0909 1.5
-71.8333 -48 -82.3333 -81.1667 -71.1818 -76.3636 1.5
-71.5 -52.3333 -83.6667 -81.5 -69.0909 -78.2727 1.5
-70 -50 -83.5 -80.5 -69.2727 -75 1.5
-72 -46.3333 -84.1667 -85 -69.9091 -75.1818 1.5
-77.1667 -49.8333 -86.8333 -86.5 -71.3636 -75.2727 1.5
-77.8333 -47.1667 -87 -84 -69.7273 -75.4545 1.5
-78 -47.5 -86.3333 -84 -70 -75.4545 1.5
-76.1667 -47.5 -84.6667 -84.5 -71.5455 -75.8182 1.5
-75.3333 -47.5 -86.3333 -84.3333 -70 -75.9091 1.5
-64.1071 -69.8571 -81.0714 -89.1429 -76 -72.6 2.1
-64.3929 -68.75 -81.1429 -90.5 -74.8 -73 2.1
-64.5 -68 -81.4286 -90.7143 -74.6 -73.2 2.1
-64.5 -67.2143 -81.6429 -91.3571 -77 -73 2.1
-64.5 -67.2143 -81.5714 -90.5 -77 -72.8 2.1
-64.5 -70 -81.3571 -91.5 -76.6 -73.2 2.1
-64.5 -68.5714 -81.4286 -90.7857 -76 -73.2 2.1
-64.5 -66 -81.6429 -91 -76 -72.6 2.1
-64.5 -67.9286 -81.5714 -91.2143 -77.2 -73 2.1
-64.5 -69 -81.3571 -90.5 -78.6 -73.6 2.1
-56.4706 -68.5294 -82.5294 -88.4706 -58.6034 -64.1917 2.2
-58.4118 -70 -82.0588 -86.2353 -58.9249 -64.4576 2.2
-59.5294 -70 -82.2353 -85.2941 -58.9099 -64.5636 2.2
-58.5294 -70.7059 -85.0588 -85.3529 -58.7465 -64.6917 2.2
-58.8235 -73.2353 -85.5294 -85.8235 -59.8719 -64.6926 2.2
-58.0588 -74.1176 -86.1176 -85.7059 -58.8489 -64.3984 2.2
-58.1765 -70.7059 -85.1765 -85.8235 -58.8966 -64.3595 2.2
-58 -69.4118 -84.8235 -86.3529 -59.7951 -64.7438 2.2
-57.8235 -70.4118 -83.5294 -86.5882 -58.9797 -64.811 2.2
-57.5882 -70.2353 -82.3529 -86.8824 -58.7155 -64.3224 2.2
-58 -61.7143 -72.2857 -90 -55.9231 -65.2308 2.3
-58 -62.7143 -72.1429 -90 -55.7308 -64.6538 2.3
-59.2857 -62.4286 -72.5714 -90 -56.9231 -64.5769 2.3
-61 -62.4286 -72.2857 -90 -55.4231 -64.5 2.3
-61 -62.1429 -72.1429 -90 -55.7692 -64.7308 2.3
-60.1429 -61.8571 -72.5714 -90 -55.8077 -64.4615 2.3
-60 -63.2857 -72.2857 -90 -55.5 -65.1923 2.3
-59.7143 -62 -72.1429 -90 -58.9231 -65.6538 2.3
-59 -62 -72.5714 -90 -56.1538 -65.5769 2.3
-59 -62.2857 -72.2857 -90 -55.6154 -65.0769 2.3
-66.9091 -52 -66.7273 -72.6364 -70.25 -60.5 2.4
-67.0909 -53.0909 -66.3636 -73.7273 -71 -58.75 2.4
-66.9091 -53.5455 -67.1818 -75.3636 -74.5 -63.25 2.4
-67.0909 -49 -66.6364 -73.1818 -76 -62.25 2.4
-66.9091 -49.6364 -66.6364 -73.1818 -76 -60.75 2.4
-67.0909 -50.4545 -66.9091 -75.8182 -70 -62.5 2.4
-68.6364 -54.6364 -69.4545 -76.5455 -69.75 -62.75 2.4
-66.7273 -54.2727 -67.8182 -75 -70 -60.75 2.4
-66.0909 -50.9091 -66 -72.8182 -70.25 -60 2.4
-67.7273 -53.7273 -68.3636 -75.8182 -70.25 -60 2.4
-67 -50.8 -92 -84.8 -68.1518 -69.3184 2.5
-67.2 -51 -92 -85.2 -68.4598 -69.2665 2.5
-68 -51.2 -92 -85 -68.4148 -69.3032 2.5
-68.4 -50.6 -92 -84.8 -68.2692 -69.0208 2.5
-69 -51.4 -92 -85.2 -68.0669 -69.5281 2.5
-67.2 -51 -92.2 -85.6 -68.9397 -69.2713 2.5
-66 -50.2 -93.4 -86.8 -67.6209 -70.0291 2.5
-66.6 -48.6 -92.6 -86.2 -66.6677 -79.1091 2.5
-69 -50.6 -92.6 -86.8 -66.7221 -72.5347 2.5
-69 -48.8 -93.4 -86.2 -67.1199 -70.535 2.5
-69.9091 -73 -83.9091 -88.2727 -67.3929 -79.9113 3.1
-71.0909 -72.0909 -82.7273 -89.1818 -66.9441 -80.0029 3.1
-70 -73.3636 -83.1818 -88 -67.6192 -80.0144 3.1
-69.3636 -71.8182 -83.0909 -87.2727 -67.8456 -79.9315 3.1
-69.6364 -72.2727 -83.5455 -87.5455 -67.0541 -80.1112 3.1
-70.8182 -72.3636 -83.1818 -88 -67.3347 -80.0749 3.1
-70 -72.6364 -83.0909 -88.1818 -67.6083 -80.0467 3.1
-69.4545 -71.6364 -82.3636 -89.2727 -67.6262 -79.6711 3.1
-70 -72.1818 -82.7273 -88.1818 -67.8128 -80.2241 3.1
-69.0909 -72.3636 -82.6364 -89.1818 -67.7385 -80.4994 3.1
-59.5833 -64.9167 -74.1667 -79 -48.067 -66.2787 3.2
-56.25 -62.4167 -74.0833 -77.9167 -48.6397 -67.9927 3.2
-58.0833 -60.6667 -71.5 -80.1667 -49.3981 -67.9608 3.2
-61.5 -63.5 -75.5833 -83.5 -49.2442 -67.9111 3.2
-60.3333 -65.5833 -74.4167 -77.8333 -49.9642 -67.9436 3.2
-57.8333 -67.5833 -74.1667 -76 -49.9801 -67.929 3.2
-54 -64.8333 -76 -77.6667 -49.1812 -67.9283 3.2
-54 -65.1667 -74 -77.6667 -49.2004 -67.9562 3.2
-54 -64 -74.3333 -77.6667 -49.1924 -67.9443 3.2
-54 -64.8333 -81 -77.6667 -49.2402 -68.5129 3.2
-70 -54.25 -81.125 -77.5 -55.5449 -63.8173 3.3
-69.375 -55.75 -79.125 -78.625 -56.1213 -63.7543 3.3
-68.5 -56 -79 -78 -56.3701 -64.1449 3.3
-68.125 -54.25 -79.1875 -77.3125 -56.5087 -64.1291 3.3
-67.875 -54 -79.875 -77.5625 -56.5654 -63.8472 3.3
-68.125 -56.5 -79.625 -78 -57.6724 -63.8457 3.3
-68 -59 -79.375 -78.4375 -56.3622 -63.8504 3.3
-68.125 -58.75 -79.75 -78.0625 -56.5528 -63.9402 3.3
-68.25 -58 -79.5625 -78.1875 -56.5213 -64.1276 3.3
-68 -56.5 -79.5 -77.4375 -55.5213 -62.4047 3.3
-75.3125 -59.875 -64.9375 -78 -65.0322 -66.5658 3.4
-77.4375 -62.5625 -65.8125 -78.75 -65.0431 -66.8443 3.4
-76.75 -60.375 -65.25 -78.75 -65.2328 -66.7962 3.4
-76.8125 -60.0625 -65 -78.1875 -65.5003 -67.0297 3.4
-76.75 -61 -65.375 -78.75 -65.4428 -66.9868 3.4
-74.8125 -62.5625 -67.4375 -79.25 -65.6104 -67.0222 3.4
-77.5625 -62.625 -65.4375 -79.25 -65.571 -67.032 3.4
-78 -61.8125 -66.3125 -78.9375 -65.4733 -69.5432 3.4
-79.1875 -61.25 -65.5625 -78.8125 -65.9277 -67.1462 3.4
-77.1875 -61.5625 -66.1875 -78.9375 -65.6644 -66.9009 3.4
-80.875 -71.625 -78.75 -89.75 -64.3548 -73.2661 3.5
-80.75 -72 -79 -88.25 -65.5806 -73.2339 3.5
-80.75 -72.875 -79 -89.75 -63.6129 -69.5726 3.5
-80.75 -73 -79 -88.25 -61.1532 -68.0887 3.5
-80.75 -67.75 -79 -89.75 -60.5403 -68.1129 3.5
-80.75 -67 -79 -88.25 -60.9839 -68.1048 3.5
-80.75 -70.5 -79 -89.75 -62.3952 -68.1048 3.5
-80.75 -71 -79 -88.25 -60.8468 -68.1129 3.5
-80.75 -69.25 -79 -89.75 -60.7097 -68.4113 3.5
-80.75 -69 -79 -88.25 -60.5645 -68.3145 3.5
-76.875 -72.125 -87.4792 -89.375 -64.5657 -74.2557 4.1
-76.7083 -71.8958 -87.6042 -88.7292 -64.2452 -74.282 4.1
-77.1875 -71.8125 -88.0417 -89.0208 -64.6743 -74.8827 4.1
-77.1875 -72.125 -87.3125 -89.3958 -64.1121 -74.6147 4.1
-76.7292 -72.4583 -88.125 -89.375 -64.2504 -74.7688 4.1
-76.3125 -71.9583 -87.9583 -89.1667 -64.1471 -74.7688 4.1
-77.3125 -71.9167 -87.3333 -89.3542 -64.2539 -74.8109 4.1
-77.4375 -72.8125 -86.0208 -89.4583 -64.4361 -74.8196 4.1
-77.5 -71.9792 -88.125 -88.9375 -63.7968 -74.7496 4.1
-76.8542 -71.8333 -87.375 -88.7083 -63.5797 -74.1313 4.1
-66.75 -73.5 -75.25 -76.25 -56.0556 -69.1667 4.2
-67 -74.5 -74 -79.5 -58.8889 -68.2222 4.2
-66 -73.75 -74.75 -75 -58.1667 -67.3333 4.2
-66.5 -73.5 -75.5 -75 -57.8889 -69 4.2
-67.25 -73.25 -74.75 -75 -56.8889 -69.1667 4.2
-68 -73.5 -75.25 -75 -61 -69.3333 4.2
-65.75 -72.75 -74.75 -75 -61 -69 4.2
-68 -73 -75.5 -75 -61 -69 4.2
-67.5 -73 -75.5 -75 -60.8889 -69.3889 4.2
-65.5 -73 -75.5 -78.75 -60.7222 -69.7778 4.2
-70.5 -71 -69 -79.5 -38 -66.2162 4.3
-72 -78 -68 -78.5 -29 -66.1622 4.3
-70 -70.5 -67.5 -81.5 -28.8649 -66.9459 4.3
-70 -71 -67.5 -79 -29.5946 -66.973 4.3
-73.5 -77 -67 -80 -29.2703 -66.3784 4.3
-69.5 -71 -68 -78.5 -28.4054 -65.6757 4.3
-70 -70.5 -68 -78.5 -30.0811 -69.5405 4.3
-70 -71 -67.5 -79.5 -31.2703 -71.1622 4.3
-68 -69 -66 -78.5 -31.5135 -70.4324 4.3
-69 -68 -67.5 -79.5 -29.3243 -67.9189 4.3
-70.4 -63.4 -73 -85.1 -52 -71.2 4.4
-71.9 -62.7 -73.6 -85.8 -51 -69 4.4
-71.9 -63 -73.9 -86.1 -51.05 -69.75 4.4
-72.2 -62.6 -73.9 -85.9 -51.55 -69.6 4.4
-72.2 -63.2 -73.9 -86.1 -50.65 -68.95 4.4
-71 -62 -73.3 -85.7 -51.95 -69.85 4.4
-72.3 -64.5 -73.8 -85.7 -54.1 -71.85 4.4
-72.4 -63 -73.8 -85.2 -53.55 -71.85 4.4
-72.2 -63.6 -74.8 -85.7 -52.7 -72.15 4.4
-72.2 -63.4 -73.9 -85.8 -51.95 -71.6 4.4
-78.4 -71.8 -77 -86.6 -61 -72 4.5
-76.6 -72 -77.6 -85.6 -61 -76 4.5
-76.6 -71.4 -76.6 -85.6 -66 -72 4.5
-76.6 -71.8 -77.2 -86 -66 -76 4.5
-78 -72.2 -79 -86 -62 -73 4.5
-77 -72.2 -77.8 -86.2 -62 -77 4.5
-77.2 -71.8 -77.8 -86.2 -67 -73 4.5
-77.4 -72 -78 -86.2 -67 -77 4.5
-77.4 -74.6 -77.8 -86 -67 -76 4.5
-77.6 -72 -77.6 -86.4 -67 -72 4.5
-81.2 -68 -89 -81.4 -72.25 -74.5 5.1
-80.8 -66 -86.2 -78.4 -73.25 -72.5 5.1
-81.4 -67.6 -84.4 -82.8 -72.75 -74.4 5.1
-81.8 -67.6 -85.6 -84.4 -71.25 -74.54 5.1
-81.2 -69.2 -83.4 -83.2 -72.25 -75.5 5.1
-82.4 -69.8 -84.8 -83 -72.25 -74.5 5.1
-83.6 -66.2 -85.4 -82.8 -73.25 -72.5 5.1
-83.8 -67.2 -85.6 -83.6 -72.75 -74.4 5.1
-84.2 -66.8 -86.2 -82.6 -71.25 -74.54 5.1
-83 -67 -86.2 -82.6 -72.25 -75.5 5.1
-68.75 -68 -66.25 -74 -69.0171 -62.265 5.2
-71.5 -67.75 -68.75 -78 -69.7778 -62.4615 5.2
-69.5 -65.5 -64 -73 -69.5556 -62.4615 5.2
-68.25 -67 -64.25 -74.5 -69.7607 -63.0598 5.2
-70 -66 -68 -73 -70 -63.1966 5.2
-66.5 -67 -68 -73 -70.3932 -63.0342 5.2
-69.5 -68 -68 -73 -70.3248 -63.0342 5.2
-70 -65 -68 -73 -71.1966 -63.0342 5.2
-67 -65 -68 -72.5 -67.4786 -63.0684 5.2
-70 -66 -68 -72 -67.906 -63.5128 5.2
-70.2857 -66.3571 -72.2381 -85.8333 -47.1053 -59.9474 5.3
-70.0714 -67.5238 -72.7857 -86.1905 -46.8947 -60 5.3
-70.119 -67.1905 -73.5476 -86.6667 -47.1579 -59.6316 5.3
-70.3095 -68.1905 -74.0476 -86.3571 -46.8421 -59.6316 5.3
-69.4286 -66.6905 -73.9524 -86 -47.9474 -58.7895 5.3
-69.5238 -68 -73.9524 -86.0952 -46 -59.8421 5.3
-71.0238 -66.5238 -73.2619 -87.2857 -46.8421 -59.5263 5.3
-71.3333 -66.0238 -72.8333 -87.4524 -48.9474 -61.4211 5.3
-71.3095 -66.7857 -73.3095 -87.4048 -49.6842 -60.4211 5.3
-70.4286 -67.6905 -72.9048 -86.4286 -49.3684 -60 5.3
-64.6364 -72.5455 -76.7273 -72 -64.5 -64.125 5.4
-65 -73.0909 -77 -74.4545 -64.4 -63.125 5.4
-68.1818 -70 -74.0909 -74 -65.5 -62.125 5.4
-67.9091 -69.1818 -73.9091 -74 -64.5 -65.125 5.4
-68.0909 -69.4545 -74 -74.4545 -63.5 -64.525 5.4
-68 -69.9091 -74.0909 -75 -64.5 -64.125 5.4
-67.9091 -69 -73.9091 -75 -64.4 -63.125 5.4
-68.0909 -69.7273 -74 -75.7273 -65.5 -62.125 5.4
-67.8182 -69.6364 -74.0909 -76 -64.5 -65.125 5.4
-68.3636 -69 -73.9091 -76 -63.5 -64.525 5.4
-71.2857 -69 -75.7143 -79 -69.9809 -73.7338 5.5
-68.5714 -66.4286 -75.1429 -77.1429 -67.8487 -72.7579 5.5
-70.1429 -66 -74.8571 -77.2857 -67.4855 -72.3873 5.5
-71.5714 -66 -75.1429 -77.2857 -67.6158 -72.6652 5.5
-70.2857 -67.7143 -74.8571 -77.8571 -67.559 -72.5621 5.5
-68.8571 -70 -75.1429 -77.8571 -67.4632 -72.2983 5.5
-71.1429 -70 -74.8571 -77.7143 -67.6368 -72.3867 5.5
-72 -70 -75.1429 -77.7143 -67.3897 -72.3292 5.5
-70.5714 -67.5714 -76 -78.8571 -67.5417 -72.2211 5.5
-70.7143 -68.4286 -75.8571 -76.1429 -67.3786 -72.3144 5.5
-69 -72 -79 -77 -74.1603 -62.4219 6.1
-70 -72 -79 -77 -73.7595 -62.4262 6.1
-71 -72 -79 -77 -73.8354 -63.1688 6.1
-69 -72 -79 -78 -74.1519 -63.173 6.1
-70 -72 -79 -78 -74.038 -63.1772 6.1
-71 -72 -79 -78 -74.1772 -63.1646 6.1
-69 -72 -81 -77 -74.4051 -63.1814 6.1
-70 -72 -81 -77 -74.0506 -63.1646 6.1
-71 -72 -81 -77 -74.0253 -62.9705 6.1
-69 -72 -81 -78 -74.0675 -62.8861 6.1
-72.12 -67.76 -79.44 -86.96 -65.5 -68 6.2
-73.44 -70.08 -79.88 -87 -67 -67 6.2
-74.6 -70.68 -80.12 -87 -65 -67.5 6.2
-73 -70.36 -80.16 -87 -66 -67.5 6.2
-73.92 -69.2 -79.96 -87 -67 -67 6.2
-75.92 -69.44 -80.2 -87 -65 -67.5 6.2
-76.64 -70.56 -80.04 -87 -66 -68 6.2
-76.16 -70.8 -79.92 -87 -66.5 -67.5 6.2
-78 -69.64 -79.72 -87 -66.5 -68 6.2
-73.84 -67 -79.6 -87 -65.5 -68.5 6.2
-73.5385 -74.4615 -76.3077 -84.1538 -63.25 -58.4375 6.3
-73.9231 -75.0769 -76.5385 -85.2308 -63.9375 -58.3125 6.3
-73.9231 -75.3846 -76.9231 -85.2308 -63 -58.25 6.3
-74.2308 -75.6154 -78.1538 -85.2308 -63 -58.3125 6.3
-74.3077 -75.2308 -76.3846 -84.7692 -63 -58.1875 6.3
-74.3077 -75.5385 -77.0769 -85.2308 -64 -58.25 6.3
-74.4615 -76.4615 -76.5385 -84.5385 -64.25 -58.3125 6.3
-74 -75.8462 -77.6923 -85.0769 -63 -58.1875 6.3
-74.5385 -75.6154 -77.1538 -84.3846 -63.75 -58.25 6.3
-74.3077 -75.6154 -77.6154 -84.4615 -63 -58.3125 6.3
-79.25 -73.5 -75.25 -78.5 -62.4099 -67.9711 6.4
-79.5 -74.75 -75.25 -78.75 -62.6973 -67.8197 6.4
-80.25 -74 -75.25 -78 -63.199 -67.8333 6.4
-78.25 -72.75 -73.75 -77.5 -62.8673 -67.767 6.4
-79.75 -76 -77.5 -80.75 -63.1446 -67.7653 6.4
-80.5 -76.5 -77.75 -80.75 -62.602 -67.767 6.4
-79.75 -76.75 -77.5 -80.5 -62.6105 -67.75 6.4
-79.5 -75.75 -76.5 -78.75 -63.8367 -67.7483 6.4
-80.25 -75 -77 -79.5 -62.8129 -67.7466 6.4
-79 -75.75 -76 -78.75 -62.4881 -67.767 6.4
-72.2667 -71.8667 -77.1333 -78.4 -68 -61 6.5
-71.3333 -72.8 -77.6667 -78 -69 -61 6.5
-71.8 -71.6667 -76.9333 -77.2667 -68 -62 6.5
-72.4667 -71.8667 -78.0667 -78.1333 -68 -61 6.5
-71.9333 -71.7333 -77.8 -77.6 -68 -60 6.5
-70.8667 -71.8667 -77.0667 -77.8667 -69 -61 6.5
-71.0667 -72.4667 -78.6667 -77.8 -69 -60 6.5
-71.1333 -71.9333 -77.2667 -77.6 -68 -61 6.5
-70.7333 -72.2667 -77.2667 -77.8667 -68 -60 6.5
-70.6 -72 -77.8 -77.6667 -70 -59 6.5
-76 -76 -81 -74 -85.5 -56.75 7.1
-75 -78 -81 -74 -84 -58.5 7.1
-75 -76 -81 -73 -82.75 -57.75 7.1
-75 -80 -81 -74 -79 -57.75 7.1
-75 -76 -82 -70 -79 -58.5 7.1
-75 -79 -82 -74 -79 -57 7.1
-76 -78 -81 -75 -78.25 -59.25 7.1
-75 -75 -81 -70 -78 -57.25 7.1
-76 -83 -82 -74 -86 -60.75 7.1
-75 -85 -82 -74 -86 -60.5 7.1
-78.4 -68.6667 -77.8667 -73.8 -63.365 -64.5495 7.2
-79.4667 -70 -78.4 -74.7333 -63.2904 -64.746 7.2
-79 -69.1333 -78.1333 -74.9333 -63.5724 -65.1512 7.2
-78.9333 -69.5333 -78.2667 -74.8667 -63.6209 -65.0453 7.2
-78.8667 -69.4 -78.0667 -74.6 -63.3401 -64.4454 7.2
-78.8 -69 -78.8667 -74.5333 -63.88 -64.4888 7.2
-78.3333 -69 -78.2 -74.7333 -63.2782 -64.5348 7.2
-76.7333 -68.5333 -78.8 -74.4 -63.2444 -64.6005 7.2
-78.4667 -67.7333 -78.3333 -75.7333 -63.2693 -64.5463 7.2
-79.2 -69.6667 -79.2 -74.6 -63.1244 -64.8941 7.2
-82.3333 -81.3333 -66 -78 -73 -36 7.3
-81 -78.6667 -64.6667 -77.3333 -76 -40 7.3
-79 -79.6667 -63.6667 -77 -74 -39 7.3
-79 -80.3333 -64.3333 -79 -75 -39 7.3
-79 -79.6667 -64.3333 -76.3333 -75 -38 7.3
-80 -78.3333 -62.6667 -75.6667 -75 -36 7.3
-81.3333 -76.3333 -62 -77 -72 -38 7.3
-81.6667 -75.6667 -65 -77 -72 -36 7.3
-81.3333 -75.6667 -63 -77.6667 -74 -39 7.3
-81.6667 -76.3333 -63 -78 -72 -39 7.3
-75.25 -77.5 -68.25 -76.75 -75.715 -51.5869 7.4
-73 -75.5 -65.75 -75.25 -76.0614 -51.3782 7.4
-72.5 -71.75 -64.75 -76.25 -75.8305 -51.3782 7.4
-73.25 -79.5 -66.5 -76 -76.0583 -51.5731 7.4
-72.5 -85 -65 -74.5 -75.947 -51.5922 7.4
-74.75 -79.25 -64 -77.5 -75.8665 -51.3676 7.4
-77 -75.25 -68.5 -80 -75.7203 -51.339 7.4
-77 -73.75 -65.5 -79 -76 -51.7182 7.4
-75.5 -77 -68 -77 -75.6441 -51.8008 7.4
-75 -73 -69 -75 -75.7691 -51.7373 7.4
-80 -72.5 -71 -80 -63 -62 7.5
-80 -72.5 -75 -80 -63 -61 7.5
-80 -72.5 -70 -80 -63 -65 7.5
-80 -72.5 -71 -83 -68 -61 7.5
-80 -72.5 -75 -83 -68 -65 7.5
-80 -72.5 -70 -83 -67 -66 7.5
-76 -72.5 -71 -80 -63 -62 7.5
-76 -72.5 -75 -80 -63 -65 7.5
-76 -72.5 -70 -80 -67 -62 7.5
-76 -72.5 -71 -83 -67 -65 7.5
-84.0833 -77.5833 -74.4167 -74.75 -75.6695 -70.8595 8.1
-84.1667 -76.9167 -75.0833 -73.6667 -76.6469 -70.4785 8.1
-84.5833 -77.25 -73.5 -75.1667 -76.3956 -70.6389 8.1
-84.1667 -77.3333 -74.4167 -74.1667 -76.0291 -70.6663 8.1
-83.6667 -77.4167 -74.3333 -74.3333 -76.1362 -70.5748 8.1
-83.0833 -77.3333 -74.1667 -73.9167 -75.7729 -70.6329 8.1
-84.1667 -78.3333 -74.4167 -74.9167 -76.0549 -70.4505 8.1
-84.25 -76.6667 -74.9167 -74.5833 -76.084 -70.8342 8.1
-83.9167 -77.75 -75.25 -73.9167 -76.0775 -70.7153 8.1
-83.75 -76.6667 -74.6667 -74 -76.0484 -70.5807 8.1
-70.1333 -69.6 -70.2333 -69.2667 -65 -49.5 8.2
-72.4667 -71.8333 -71.7667 -69.4333 -64.5 -52.5 8.2
-73.9667 -71.6 -71.9333 -71.9333 -65 -49 8.2
-74.3 -72.1667 -73.6333 -74.4 -66 -50.5 8.2
-74.0667 -72.0333 -73.5333 -73.0667 -66 -71 8.2
-74.1667 -72.0667 -73.7333 -73.2667 -67 -50.5 8.2
-74.1 -72.0667 -73.5667 -73 -67 -71 8.2
-74.1667 -72.0333 -73.6333 -73.8333 -66 -50 8.2
-74.3667 -72.4667 -73.8333 -74.6333 -65.5 -52.5 8.2
-73.8333 -71.9667 -73.4667 -73.5333 -65 -51.5 8.2
-85.5 -72.5 -69.25 -80.5 -71.5185 -45.8889 8.3
-85.75 -72.25 -70.25 -80.75 -73.1481 -46.6667 8.3
-86.5 -72.75 -72.25 -83 -72.2593 -46.037 8.3
-86.25 -73 -71.75 -83 -70.4815 -47.8148 8.3
-87.25 -75 -72 -79.75 -70.6296 -46.3704 8.3
-85.5 -73.5 -71.5 -75 -71.2963 -46.037 8.3
-85.75 -75.25 -71.25 -75 -70.7407 -46.4074 8.3
-85.5 -75.5 -71.25 -76 -73.8519 -46.7407 8.3
-85.25 -73.25 -70.75 -76 -73.8519 -47.2222 8.3
-87.75 -73 -71.75 -76.25 -73.963 -46.7407 8.3
-68.2564 -78.8205 -61.8718 -71.2051 -68.2895 -50.3102 8.4
-67.5128 -79.2051 -61.6154 -71.3846 -68.8342 -50.5598 8.4
-67.5897 -79.1282 -61.6667 -71.0513 -69.1551 -50.4677 8.4
-67.5385 -79.0513 -62.1282 -71.2564 -69.2705 -50.3912 8.4
-67.8974 -79.2564 -61.5641 -71.2308 -69.2232 -50.2188 8.4
-68.0256 -79.1026 -62.0769 -71.3333 -69.2618 -50.2742 8.4
-67.9487 -79.0513 -62.2564 -71.2821 -68.9343 -50.2317 8.4
-67.5897 -78.8718 -61.8205 -71.4872 -68.4986 -50.2451 8.4
-67.9231 -79.0513 -61.8205 -71.1282 -68.8404 -50.3006 8.4
-68.2821 -79.3333 -61.4359 -71.1282 -68.3532 -49.704 8.4
-73.8889 -82.4778 -74.4222 -83.0333 -64 -59 8.5
-74.1 -82.5667 -74.6444 -82.8444 -65 -58 8.5
-74.0778 -82.4667 -74.3778 -83.0667 -69 -61 8.5
-74.0444 -82.6444 -74.5 -82.9556 -65 -58 8.5
-74.0111 -82.5667 -74.5889 -82.9 -63 -59 8.5
-73.6778 -82.6333 -74.3222 -82.8222 -66 -58 8.5
-73.9444 -82.5556 -74.4444 -82.8667 -66 -59 8.5
-74.2 -82.7222 -74.8222 -83.0111 -66 -58 8.5
-74.2111 -82.7111 -74.9333 -82.9889 -66 -59 8.5
-74.0111 -82.5778 -74.4333 -82.9444 -66 -58 8.5
-88.5 -81.3333 -75.3333 -68.5 -75.5938 -67.1658 9.1
-87.8333 -80.5 -74.5 -68.3333 -75.8247 -67.144 9.1
-89.3333 -82.1667 -75.5 -68.5 -75.6739 -67.1685 9.1
-89 -81.1667 -75.1667 -68.5 -75.7092 -67.2853 9.1
-89.3333 -81.5 -75.3333 -68.5 -75.8234 -67.2853 9.1
-88.3333 -81.6667 -75.6667 -68.8333 -75.4008 -67.2772 9.1
-88.6667 -82.6667 -75.8333 -69.1667 -75.6522 -67.2826 9.1
-89.1667 -82.6667 -76.1667 -69.6667 -75.5992 -67.288 9.1
-88.8333 -81.6667 -76.5 -68.6667 -75.5883 -67.2921 9.1
-88.8333 -82 -75.6667 -68.8333 -75.7065 -67.2717 9.1
-80.0154 -77.6923 -69.1077 -69.6462 -75.5 -54.5 9.2
-79.8308 -77.8769 -69.3231 -69.0308 -77.5 -53 9.2
-80.9846 -78.1846 -69.0154 -68.8923 -77 -54.5 9.2
-81.2308 -77.9846 -69.0462 -68.9385 -74 -54.5 9.2
-81.4308 -78.3077 -69.3692 -68.8 -79 -54.5 9.2
-81.7231 -79.3077 -68.9077 -68.9077 -79 -56.5 9.2
-81.7231 -79.2769 -69.1385 -68.8462 -79 -57 9.2
-81.2 -78.5385 -69.0154 -68.6154 -78 -54.5 9.2
-81.1077 -78.4769 -69.0462 -69.0769 -78 -54 9.2
-80.0769 -77.9231 -69.1538 -70.1231 -76.5 -53.5 9.2
-77.4211 -75.5 -71.1579 -68.7105 -62.9333 -49.4667 9.3
-77.8947 -75.9211 -71.1842 -69.4211 -63 -49.5333 9.3
-78.0263 -75.7632 -70.9474 -69.3684 -63.6 -49.6667 9.3
-78 -75.9211 -71 -69.3684 -62.2 -49.6667 9.3
-77.8158 -75.7632 -71.2632 -69.1053 -63.5333 -50 9.3
-78.2368 -75.8421 -71.2632 -69.4737 -66.4667 -51.6667 9.3
-77.8158 -76.3421 -72.1842 -69 -66.4667 -51.8 9.3
-77.8684 -75.9211 -70.9737 -69.0789 -66.2667 -51.3333 9.3
-77.7368 -76.1579 -71 -69.0789 -65.2 -50.6667 9.3
-77.6842 -75.9211 -71.1579 -69.1316 -65.4667 -50.6 9.3
-76.0952 -77.3333 -77.9524 -74.9524 -67.7518 -62.6583 9.4
-76.0476 -77.2857 -77.7619 -74.9048 -68.1799 -63.5576 9.4
-75.7143 -77.381 -78.4762 -75.0476 -68.295 -63.5612 9.4
-75.9048 -76.7619 -77.8095 -74.8095 -68.0647 -63.5612 9.4
-75.7619 -77.0952 -78.3333 -74.8095 -68.0899 -63.5576 9.4
-78.9048 -78.2381 -77.6667 -75.381 -68.0504 -63.6475 9.4
-77.5714 -82.4762 -76.9048 -75.4762 -68.295 -63.6439 9.4
-78.1429 -82.1905 -77.2857 -75.6667 -68.0576 -63.6439 9.4
-77.9524 -82.5238 -77.381 -75.7143 -68.0288 -63.6403 9.4
-77.4762 -82.2857 -77.5714 -75.2857 -68.2302 -63.4676 9.4
-77 -79 -68 -85 -77.7131 -57.4034 9.5
-77 -78 -68 -77 -77.858 -57.4176 9.5
-77 -78 -69 -76 -78.1392 -57.4176 9.5
-76 -80 -70 -76 -77.8665 -57.8807 9.5
-76 -80 -69 -76 -78.1392 -57.7102 9.5
-78 -85 -69 -75 -77.7358 -57.3182 9.5
-77 -78 -68 -77 -77.25 -57.3182 9.5
-80 -80 -70 -74 -77.25 -57.3182 9.5
-76 -80 -68 -78 -77.5142 -57.3182 9.5
-78 -78 -70 -79 -77.2926 -57.3182 9.5
-84 -87 -74 -53 -69.4 -66.2 10.1
-84 -87 -74 -54.3333 -68.4 -63.2 10.1
-84 -86 -74 -53.6667 -70.4 -66.2 10.1
-84 -85.6667 -74 -53.6667 -66.4 -68.2 10.1
-84 -85 -74 -54.6667 -69.5 -66.5 10.1
-84 -86.3333 -76 -54.6667 -69.4 -66.2 10.1
-84 -87 -77 -54.3333 -68.4 -63.2 10.1
-84 -86 -77 -53.6667 -70.4 -66.2 10.1
-84 -85.6667 -77 -53.6667 -66.4 -68.2 10.1
-84 -85 -77 -54.6667 -69.4 -66.7 10.1
-81 -78 -64.5 -70 -71.0796 -61.5449 10.2
-81 -78 -64.5 -68 -70.7489 -61.3951 10.2
-81 -72 -64.5 -70 -70.8632 -61.4211 10.2
-81 -72 -64.5 -68 -71.1035 -61.5203 10.2
-81.5 -77 -64.5 -70 -71.1064 -61.5087 10.2
-81.5 -77 -64.5 -67 -71.2894 -61.6151 10.2
-81.5 -70 -64.5 -70 -71.191 -61.6056 10.2
-81.5 -70 -64.5 -67 -71.1896 -61.7923 10.2
-81.5 -78 -64.5 -68.5 -71.1737 -61.9616 10.2
-81 -76.25 -64.5 -68 -71.2019 -61.5709 10.2
-76 -85.4 -63.8 -71 -78.5 -67 10.3
-76 -86.6 -63.8 -67 -80 -63 10.3
-76 -85.4 -62.6 -69.6 -80 -59 10.3
-74.4 -86.6 -62.6 -71.6 -78 -68.5 10.3
-72 -85.4 -63.6 -70 -78 -61 10.3
-72 -86.6 -63.6 -66 -77 -66.5 10.3
-72 -85.4 -63.8 -72 -76 -63 10.3
-70.4 -86.6 -63.8 -71.2 -76 -59 10.3
-70 -85.4 -62.6 -68 -76 -61 10.3
-70 -86.6 -62.6 -68.4 -78 -61 10.3
-72.4286 -84 -63.4286 -75.2857 -69.8182 -55.3636 10.4
-72.4286 -84 -63 -71.5714 -68.0455 -55.1818 10.4
-72.4286 -84 -63.5714 -74.7143 -75.2727 -54.9545 10.4
-72.5714 -85.1429 -63.4286 -76.4286 -69.0909 -55.2273 10.4
-72.5714 -86 -63 -72.4286 -68.5455 -54.6818 10.4
-72.5714 -86 -63.5714 -72.7143 -68.7727 -55 10.4
-72.4286 -85.8571 -63.4286 -76.8571 -69.2273 -54.8182 10.4
-72.4286 -85 -63 -74.5714 -71.2273 -57.0909 10.4
-72.4286 -85 -63.5714 -71.8571 -72.5455 -59.0455 10.4
-72.5714 -85 -63.4286 -75.2857 -71.9545 -58.1364 10.4
-80.8 -81.2667 -53.4 -74.9333 -71 -63.75 10.5
-80.8667 -80.8 -52.9333 -74.8667 -72 -63.85 10.5
-80.8667 -81.0667 -53.2667 -75.7333 -73 -63.95 10.5
-80.8667 -80.4667 -52.9333 -75.7333 -72 -64.75 10.5
-80.8667 -80.9333 -53.2667 -75.5333 -71 -63.75 10.5
-81.3333 -80.9333 -53.2 -75.0667 -72 -63.85 10.5
-80.9333 -81.0667 -52.9333 -74.8667 -73 -63.95 10.5
-80.8667 -80.8 -53.4 -74.8 -71 -63.75 10.5
-81.5333 -81.1333 -53.0667 -76.2 -71 -63.75 10.5
-81 -80.9333 -53.4 -75 -72 -63.85 10.5
