0 -26 -26 -32 1.1
0 -21 -27 -33 1.1
0 -19 -26 -33 1.1
0 -24 -24 -32 1.1
0 -19 -32 -31 1.1
0 -21 -31 -28 1.1
0 -17 -28 -29 1.1
0 -15 -25 -30 1.1
0 -20 -30 -29 1.1
0 -20 -27 -30 1.1
-10.5 -8 -26.5 -26.5 1.2
-10 -10.5 -28.5 -28.5 1.2
-10 -11 -28 -28 1.2
-9 -9.5 -28 -28 1.2
-12 -11 -29 -29 1.2
-9 -10.5 -26.5 -26.5 1.2
-11.5 -8.5 -26.5 -26.5 1.2
-9 -10 -27.5 -27.5 1.2
-10 -8.5 -28.5 -28.5 1.2
-9.5 -11 -28.5 -28.5 1.2
-11.724637681 -2.33095238 -24.021978021 -31.8 1.3
-12.724637681 -3.63095238 -25.021978021 -31.8 1.3
-10.724637681 -2.63095238 -25.021978021 -33.800023 1.3
-10.724637681 -2.43095238 -23.421978021 -31.8 1.3
-12.724637681 -1.63095238 -23.021978021 -31.8 1.3
-11.724637681 -2.33095238 -24.021978021 -31.8 1.3
-12.724637681 -3.63095238 -25.021978021 -31.8 1.3
-10.724637681 -2.63095238 -25.021978021 -33.800023 1.3
-10.724637681 -2.43095238 -23.421978021 -31.8 1.3
-12.724637681 -1.63095238 -23.021978021 -31.8 1.3
-17 0 -22 -22 1.4
-17 0 -20 -20 1.4
-17 0 -21 -21 1.4
-20 0 -23 -23 1.4
-18 0 -23 -23 1.4
-18 0 -22 -22 1.4
-19 0 -22 -22 1.4
-16 0 -22 -22 1.4
-17 0 -23 -23 1.4
-20 0 -22 -22 1.4
-17.387755102 0.086206896 -29.1667 -27.117647058 1.5
-17.587755102 1.086206896 -28.1667 -27.117647058 1.5
-17.987755102 0.086206896 -30.1667 -28.117647058 1.5
-16.387755102 0.086206896 -27.1667 -27.117647058 1.5
-15.387755102 0.086206896 -26.1667 -26.117647058 1.5
-17.387755102 0.086206896 -29.1667 -27.117647058 1.5
-17.587755102 1.086206896 -28.1667 -27.117647058 1.5
-17.987755102 0.086206896 -30.1667 -28.117647058 1.5
-16.387755102 0.086206896 -27.1667 -27.117647058 1.5
-15.387755102 0.086206896 -26.1667 -26.117647058 1.5
-21.6667 -25.3333 -26.6667 -26.6667 2.1
-23.3333 -25.6667 -25.3333 -25.3333 2.1
-22.3333 -25.3333 -26.6667 -26.6667 2.1
-22.6667 -24 -26.3333 -26.3333 2.1
-23.6667 -24.6667 -25.3333 -25.3333 2.1
-23 -24.6667 -26 -26 2.1
-23.3333 -24.3333 -26 -26 2.1
-21.3333 -25.3333 -27 -27 2.1
-22.3333 -24.6667 -25.3333 -25.3333 2.1
-24.6667 -25.3333 -26.3333 -26.3333 2.1
-10.366666666 -8.807692307 -26.674418604 -23.875 2.2
-12.366666666 -7.807692307 -23.674418604 -21.875 2.2
-10.366666666 -8.807692307 -26.674418604 -21.875 2.2
-11.366666666 -6.807692307 -28.674418604 -21.475 2.2
-10.366666666 -8.807692307 -26.674418604 -22.875 2.2
-10.366666666 -8.807692307 -26.674418604 -23.875 2.2
-12.366666666 -7.807692307 -23.674418604 -21.875 2.2
-10.366666666 -8.807692307 -26.674418604 -21.875 2.2
-11.366666666 -6.807692307 -28.674418604 -21.475 2.2
-10.366666666 -8.807692307 -26.674418604 -22.875 2.2
-14.753424657 -11.066666666 -24.466666666 -30.214285714 2.3
-14.753424657 -10.666666666 -22.366666666 -30.114285714 2.3
-13.753424657 -12.666666666 -22.466666666 -30.614285714 2.3
-14.753424657 -10.666666666 -22.466666666 -30.414285714 2.3
-11.753424657 -13.666666666 -22.466666666 -30.314285714 2.3
-14.753424657 -10.666666666 -22.466666666 -30.314285714 2.3
-14.753424657 -10.666666666 -22.366666666 -30.114285714 2.3
-13.753424657 -12.666666666 -22.466666666 -30.614285714 2.3
-14.753424657 -10.666666666 -22.466666666 -30.414285714 2.3
-14.753424657 -10.666666666 -22.466666666 -30.314285714 2.3
-15 -12 -13 -13 2.4
-16 -12 -18 -18 2.4
-19 -11 -11 -11 2.4
-16 -12 -13 -13 2.4
-19 -11 -15 -15 2.4
-18 -12 -12 -12 2.4
-18 -9 -15 -15 2.4
-17 -10 -14 -14 2.4
-15 -11 -11 -11 2.4
-19 -11 -17 -17 2.4
-21.642857142 0 -30 -22.870967741 2.5
-21.642857142 0 -30 -25.870967741 2.5
-22.642857142 0 -31 -26.870967741 2.5
-21.642857142 0 -32 -26.870967741 2.5
-21.642857142 0 -30.5 -26.870967741 2.5
-21.642857142 0 -30 -26.870967741 2.5
-21.642857142 0 -30 -22.870967741 2.5
-21.642857142 0 -30 -25.870967741 2.5
-22.642857142 0 -31 -26.870967741 2.5
-21.642857142 0 -32 -26.870967741 2.5
-21 -19 -29 -29 3.1
-18 -22 -30 -30 3.1
-19 -20 -28 -28 3.1
-19 -21 -29 -29 3.1
-17 -22 -28 -28 3.1
-19 -19 -30 -30 3.1
-18 -21 -29 -29 3.1
-20 -19 -29 -29 3.1
-20 -21 -32 -32 3.1
-19 -20 -31 -31 3.1
-15 -19 -16.5 -16.5 3.2
-15.5 -17.5 -16.5 -16.5 3.2
-17.5 -17.5 -17.5 -17.5 3.2
-15.5 -17.5 -16.5 -16.5 3.2
-15 -19 -17.5 -17.5 3.2
-15 -15 -17 -17 3.2
-16 -17 -18 -18 3.2
-15 -18 -18.5 -18.5 3.2
-17.5 -19 -17 -17 3.2
-15.5 -15.5 -19.5 -19.5 3.2
-19.3333 -6.3333 -15.3333 -15.3333 3.3
-18.3333 -7.6667 -15 -15 3.3
-19 -8.6667 -14.3333 -14.3333 3.3
-18.3333 -7.3333 -15.3333 -15.3333 3.3
-17.6667 -5.6667 -15.6667 -15.6667 3.3
-20 -7.3333 -15 -15 3.3
-18.6667 -7 -16.3333 -16.3333 3.3
-18.6667 -7.3333 -14.6667 -14.6667 3.3
-20.3333 -7.3333 -15.6667 -15.6667 3.3
-19 -7 -13.6667 -13.6667 3.3
-17.814814814 -13.111111111 -9.142857142 -21.641025641 3.4
-17.814814814 -13.111111111 -9.142857142 -21.641025641 3.4
-17.514814814 -12.111111111 -8.142857142 -21.641025641 3.4
-17.814814814 -13.111111111 -10.142857142 -21.641025641 3.4
-17.114814814 -13.111111111 -9.842857142 -22.641025641 3.4
-17.814814814 -13.111111111 -9.142857142 -21.641025641 3.4
-17.814814814 -13.111111111 -9.142857142 -21.641025641 3.4
-17.514814814 -12.111111111 -8.142857142 -21.641025641 3.4
-17.814814814 -13.111111111 -10.142857142 -21.641025641 3.4
-17.114814814 -13.111111111 -9.842857142 -22.641025641 3.4
-23.12345679 -13.292929292 -25.679245283 -22.572151898 3.5
-21.12345679 -13.292929292 -24.679245283 -28.772151898 3.5
-22.12345679 -15.292929292 -25.679245283 -22.772151898 3.5
-21.12345679 -13.292929292 -25.679245283 -23.172151898 3.5
-23.12345679 -13.292929292 -25.679245283 -22.772151898 3.5
-23.12345679 -13.292929292 -25.679245283 -22.572151898 3.5
-21.12345679 -13.292929292 -24.679245283 -28.772151898 3.5
-22.12345679 -15.292929292 -25.679245283 -22.772151898 3.5
-21.12345679 -13.292929292 -25.679245283 -23.172151898 3.5
-23.12345679 -13.292929292 -25.679245283 -22.772151898 3.5
-25.636363636 -22.75 -30.5 -29.48 4.1
-23.436363636 -23.75 -31.5 -29.68 4.1
-23.556363636 -21.75 -30.3 -29.8218 4.1
-25.436363636 -22.75 -32.3 -28.88 4.1
-22.436363636 -24.75 -30.5 -29.88 4.1
-25.636363636 -22.75 -30.5 -29.48 4.1
-23.436363636 -23.75 -31.5 -29.68 4.1
-23.556363636 -21.75 -30.3 -29.8218 4.1
-25.436363636 -22.75 -32.3 -28.88 4.1
-22.436363636 -24.75 -30.5 -29.88 4.1
-16.486842105 -17.569444444 -22.2946 -13.125 4.2
-17.486842105 -17.069444444 -23.2946 -16.125 4.2
-18.486842105 -18.069444444 -25.2946 -19.125 4.2
-15.486842105 -17.679444444 -22.2946 -20.125 4.2
-16.786842105 -17.069444444 -24.2946 -18.125 4.2
-16.486842105 -17.569444444 -22.2946 -13.125 4.2
-17.486842105 -17.069444444 -23.2946 -16.125 4.2
-18.486842105 -18.069444444 -25.2946 -19.125 4.2
-15.486842105 -17.679444444 -22.2946 -20.125 4.2
-16.786842105 -17.069444444 -24.2946 -18.125 4.2
-24.7179 -16.666666666 -13.612903225 -23.722222222 4.3
-23.6179 -17.666666666 -14.612903225 -25.722222222 4.3
-24.2179 -17.766666666 -16.612903225 -22.722222222 4.3
-23.4179 -16.666666666 -14.512903225 -23.522222222 4.3
-24.4179 -17.666666666 -14.612903225 -23.322222222 4.3
-24.7179 -16.666666666 -13.612903225 -23.722222222 4.3
-23.6179 -17.666666666 -14.612903225 -25.722222222 4.3
-24.2179 -17.766666666 -16.612903225 -22.722222222 4.3
-23.4179 -16.666666666 -14.512903225 -23.522222222 4.3
-24.4179 -17.666666666 -14.612903225 -23.322222222 4.3
-16.432432432 -24.5439 -11.79245283 -15.727272727 4.4
-16.432432432 -25.5439 -12.79245283 -19.727272727 4.4
-17.432432432 -22.5439 -12.79245283 -19.727272727 4.4
-16.432432432 -24.5439 -14.79245283 -19.527272727 4.4
-16.032432432 -24.5439 -12.19245283 -19.727272727 4.4
-16.432432432 -24.5439 -11.79245283 -15.727272727 4.4
-16.432432432 -25.5439 -12.79245283 -19.727272727 4.4
-17.432432432 -22.5439 -12.79245283 -19.727272727 4.4
-16.432432432 -24.5439 -14.79245283 -19.527272727 4.4
-16.032432432 -24.5439 -12.19245283 -19.727272727 4.4
-24.6667 -9.6667 -24 -24 4.5
-24.3333 -12.3333 -25.3333 -25.3333 4.5
-27 -10.6667 -24.6667 -24.6667 4.5
-25.6667 -12.3333 -25.3333 -25.3333 4.5
-25 -9.6667 -24 -27.3333 4.5
-23.3333 -8.6667 -26.3333 -29.3333 4.5
-23 -8.6667 -23 -29.6667 4.5
-20.3333 -9.6667 -25.3333 -30.3333 4.5
-23.3333 -9.6667 -26.3333 -28.6667 4.5
-23 -11 -24.3333 -29.3333 4.5
-27 -23 -20 -32 5.1
-25 -26 -23 -31 5.1
-23 -26 -20 -28 5.1
-24 -25 -21 -31 5.1
-26 -28 -23 -31 5.1
-24 -26 -19 -33 5.1
-24 -26 -20 -30 5.1
-26 -25 -21 -33 5.1
-25 -29 -22 -30 5.1
-27 -25 -20 -32 5.1
-12.707070707 -23.142857142 -21.54347826 -18.5 5.2
-16.007070707 -21.142857142 -21.54347826 -18 5.2
-16.707070707 -22.142857142 -20.54347826 -18.5 5.2
-14.707070707 -21.142857142 -23.54347826 -18.5 5.2
-16.707070707 -21.142857142 -21.54347826 -19.5 5.2
-12.707070707 -23.142857142 -21.54347826 -18.5 5.2
-16.007070707 -21.142857142 -21.54347826 -18 5.2
-16.707070707 -22.142857142 -20.54347826 -18.5 5.2
-14.707070707 -21.142857142 -23.54347826 -18.5 5.2
-16.707070707 -21.142857142 -21.54347826 -19.5 5.2
-19 -28 -21 -21 5.3
-17 -28 -20 -27 5.3
-19 -24 -19 -22 5.3
-20 -28 -18 -21 5.3
-21 -23 -19 -19 5.3
-22 -25 -21 -19 5.3
-21 -23 -18 -21 5.3
-20 -24 -24 -26 5.3
-22 -28 -21 -29 5.3
-21 -25 -18 -23 5.3
-22.6667 -19.3333 -16.6667 -16.6667 5.4
-22.6667 -19.3333 -16.6667 -16.6667 5.4
-22.6667 -19.3333 -16.6667 -16.6667 5.4
-22.6667 -19.3333 -16.6667 -16.6667 5.4
-22.6667 -19.3333 -16.6667 -16.6667 5.4
-24.384615384 -20.285714285 -14.514285714 -18.1875 5.4
-24.384615384 -19.285714285 -16.514285714 -18.1875 5.4
-24.384615384 -17.285714285 -16.514285714 -18.1875 5.4
-25.384615384 -19.285714285 -15.514285714 -18.1875 5.4
-24.384615384 -19.285714285 -16.514285714 -19.1875 5.4
-19 -24 -15 -15 5.5
-19 -22 -20 -20 5.5
-21 -27 -16 -16 5.5
-19 -23 -18 -18 5.5
-19 -25 -24 -24 5.5
-19 -22 -24 -24 5.5
-20 -24 -19 -19 5.5
-20 -20 -19 -19 5.5
-20 -23 -18 -18 5.5
-20 -24 -18 -18 5.5
-19.5 -31 -22 -26 6.1
-22 -29.5 -26.5 -29 6.1
-21 -30.5 -25 -28 6.1
-21 -30.5 -24 -27 6.1
-23.5 -28 -25 -29.5 6.1
-19 -29 -24 -27 6.1
-20.5 -32.5 -28.5 -30 6.1
-17.5 -28.5 -24.5 -27.5 6.1
-23 -27 -23 -28.5 6.1
-15 -30.5 -29 -27 6.1
-27 -30.25 -25 -25 6.2
-27 -30.25 -25 -25 6.2
-27 -30.25 -25 -25 6.2
-27 -30.25 -25 -25 6.2
-27 -30.25 -25 -25 6.2
-27.304347826 -31.3 -22 -23.8087 6.2
-26.304347826 -31 -27 -24.8087 6.2
-28.304347826 -31.4 -25 -24.8087 6.2
-26.304347826 -32 -26 -25.8087 6.2
-26.304347826 -31 -27 -24.8087 6.2
-16 -24 -20.5 -30 6.3
-13.5 -23.5 -20.5 -33 6.3
-10.5 -27 -21 -29.5 6.3
-12 -24.5 -20 -29 6.3
-20.5 -26 -21 -31.5 6.3
-13 -23.5 -20 -30 6.3
-14 -24 -20.5 -33.5 6.3
-14.5 -23 -22 -28.5 6.3
-12.5 -26.5 -20.5 -29.5 6.3
-9.5 -24 -20 -29 6.3
-21.763636363 -22.0776 -26.434782608 -21.305084745 6.4
-24.763636363 -21.0776 -25.434782608 -24.305084745 6.4
-26.763636363 -22.0776 -26.434782608 -23.305084745 6.4
-26.363636363 -22.0776 -24.434782608 -24.305084745 6.4
-28.763636363 -21.0776 -25.434782608 -23.305084745 6.4
-21.763636363 -22.0776 -26.434782608 -21.305084745 6.4
-24.763636363 -21.0776 -25.434782608 -24.305084745 6.4
-26.763636363 -22.0776 -26.434782608 -23.305084745 6.4
-26.363636363 -22.0776 -24.434782608 -24.305084745 6.4
-28.763636363 -21.0776 -25.434782608 -23.305084745 6.4
-27.111111111 -18.6293 -19.166666666 -18.5 6.5
-24.111111111 -17.6293 -20.166666666 -18.1 6.5
-28.111111111 -18.3293 -18.166666666 -18.5 6.5
-26.311111111 -16.6293 -19.366666666 -18 6.5
-27.111111111 -18.6293 -19.166666666 -18.532 6.5
-27.111111111 -18.6293 -19.166666666 -18.5 6.5
-24.111111111 -17.6293 -20.166666666 -18.1 6.5
-28.111111111 -18.3293 -18.166666666 -18.5 6.5
-26.311111111 -16.6293 -19.366666666 -18 6.5
-27.111111111 -18.6293 -19.166666666 -18.532 6.5
-13.5 -25 -20 -22 7.1
-13.5 -27.5 -20 -21.5 7.1
-14 -27.5 -22 -21.5 7.1
-15 -27.5 -21 -22.5 7.1
-15.5 -26.5 -21.5 -21.5 7.1
-19 -28.5 -21 -22.5 7.1
-14.5 -26 -21 -21.5 7.1
-16 -28.5 -20.5 -22 7.1
-19.5 -25.5 -21.5 -22.5 7.1
-17 -28 -21 -22 7.1
-23.813333333 -21.1538 -15.721518987 -16.23076923 7.2
-26.813333333 -23.1538 -18.721518987 -15.23076923 7.2
-25.313333333 -26.1538 -17.721518987 -16.24076923 7.2
-25.413333333 -22.1538 -15.421518987 -16.55576923 7.2
-22.813333333 -21.1538 -15.121518987 -19.23076923 7.2
-23.813333333 -21.1538 -15.721518987 -16.23076923 7.2
-26.813333333 -23.1538 -18.721518987 -15.23076923 7.2
-25.313333333 -26.1538 -17.721518987 -16.24076923 7.2
-25.413333333 -22.1538 -15.421518987 -16.55576923 7.2
-22.813333333 -21.1538 -15.121518987 -19.23076923 7.2
-30 -28 -11 -23 7.3
-29 -26 -12 -21 7.3
-28 -27 -12 -21 7.3
-31 -26 -12 -26 7.3
-27 -27 -11 -26 7.3
-29 -27 -14 -26 7.3
-29 -27 -11 -30 7.3
-23 -28 -12 -26 7.3
-27 -27 -14 -26 7.3
-18 -28 -12 -25 7.3
-25 -19 -16 -15 7.4
-17 -16 -17 -12 7.4
-21 -17 -16 -11 7.4
-27 -21 -16 -11 7.4
-23 -21 -20 -10 7.4
-16 -17 -15 -9 7.4
-17 -18 -17 -8 7.4
-18 -20 -20 -11 7.4
-28 -18 -17 -10 7.4
-24 -15 -16 -11 7.4
-27.7059 -26.76056338 -13.407894736 -21.671875 7.5
-28.2059 -25.76056338 -12.407894736 -20.671875 7.5
-30.7059 -28.76056338 -15.407894736 -22.671875 7.5
-27.7059 -22.76056338 -12.507894736 -21.671875 7.5
-28.7059 -25.76056338 -12.407894736 -20.671875 7.5
-27.7059 -26.76056338 -13.407894736 -21.671875 7.5
-28.2059 -25.76056338 -12.407894736 -20.671875 7.5
-30.7059 -28.76056338 -15.407894736 -22.671875 7.5
-27.7059 -22.76056338 -12.507894736 -21.671875 7.5
-28.7059 -25.76056338 -12.407894736 -20.671875 7.5
-30.5943 -28.586206896 -16.802631578 -8.636363636 8.1
-31.5943 -29.586206896 -15.802631578 -7.636363636 8.1
-33.5943 -23.586206896 -18.802631578 -6.436363636 8.1
-34.5943 -28.586206896 -16.802631578 -6.136363636 8.1
-30.5943 -29.586206896 -16.802631578 -6.636363636 8.1
-30.5943 -28.586206896 -16.802631578 -8.636363636 8.1
-31.5943 -29.586206896 -15.802631578 -7.636363636 8.1
-33.5943 -23.586206896 -18.802631578 -6.436363636 8.1
-34.5943 -28.586206896 -16.802631578 -6.136363636 8.1
-30.5943 -29.586206896 -16.802631578 -6.636363636 8.1
-14.81081081 -27.3611 -12.415094339 -14.541666666 8.2
-11.81081081 -27.3611 -14.415094339 -17.541666666 8.2
-15.81081081 -28.3611 -14.015094339 -13.541666666 8.2
-12.81081081 -27.3611 -14.415094339 -14.541666666 8.2
-14.81081081 -28.3611 -15.415094339 -13.541666666 8.2
-14.81081081 -27.3611 -12.415094339 -14.541666666 8.2
-11.81081081 -27.3611 -14.415094339 -17.541666666 8.2
-15.81081081 -28.3611 -14.015094339 -13.541666666 8.2
-12.81081081 -27.3611 -14.415094339 -14.541666666 8.2
-14.81081081 -28.3611 -15.415094339 -13.541666666 8.2
-18.174603174 -21.0606 -17.25 -15.314285714 8.3
-19.174603174 -23.0606 -16.25 -13.314285714 8.3
-17.174603174 -20.0606 -18.25 -12.414285714 8.3
-19.374603174 -21.0606 -17.25 -12.314285714 8.3
-19.974603174 -23.0606 -17.25 -12.314285714 8.3
-18.174603174 -21.0606 -17.25 -15.314285714 8.3
-19.174603174 -23.0606 -16.25 -13.314285714 8.3
-17.174603174 -20.0606 -18.25 -12.414285714 8.3
-19.374603174 -21.0606 -17.25 -12.314285714 8.3
-19.974603174 -23.0606 -17.25 -12.314285714 8.3
-19 -17.785714285 -7.761904761 -11.565217391 8.4
-12 -18.785714285 -6.761904761 -13.565217391 8.4
-18 -19.785714285 -8.761904761 -12.565217391 8.4
-13.8 -19.085714285 -6.261904761 -10.565217391 8.4
-19.1 -20.785714285 -6.761904761 -11.865217391 8.4
-19 -17.785714285 -7.761904761 -11.565217391 8.4
-12 -18.785714285 -6.761904761 -13.565217391 8.4
-18 -19.785714285 -8.761904761 -12.565217391 8.4
-13.8 -19.085714285 -6.261904761 -10.565217391 8.4
-19.1 -20.785714285 -6.761904761 -11.865217391 8.4
-21.0851 -26.683544303 -7.276595744 -12.263736263 8.5
-25.0851 -26.283544303 -2.276595744 -13.263736263 8.5
-23.0851 -28.683544303 -7.276595744 -12.263736263 8.5
-23.0851 -26.583544303 -8.276595744 -15.263736263 8.5
-22.2851 -27.683544303 -9.276595744 -12.263736263 8.5
-21.0851 -26.683544303 -7.276595744 -12.263736263 8.5
-25.0851 -26.283544303 -2.276595744 -13.263736263 8.5
-23.0851 -28.683544303 -7.276595744 -12.263736263 8.5
-23.0851 -26.583544303 -8.276595744 -15.263736263 8.5
-22.2851 -27.683544303 -9.276595744 -12.263736263 8.5
-32.4359 -28.557377049 -22.3 -10.826086956 9.1
-31.4359 -29.557377049 -25.3 -12.826086956 9.1
-33.4359 -27.557377049 -24.54 -10.826086956 9.1
-32.4359 -26.157377049 -22.9 -12.826086956 9.1
-32.4359 -28.557377049 -21.3 -15.826086956 9.1
-32.4359 -28.557377049 -22.3 -10.826086956 9.1
-31.4359 -29.557377049 -25.3 -12.826086956 9.1
-33.4359 -27.557377049 -24.54 -10.826086956 9.1
-32.4359 -26.157377049 -22.9 -12.826086956 9.1
-32.4359 -28.557377049 -21.3 -15.826086956 9.1
-30.05 -22.2105 -17.419354838 -7.833333333 9.2
-32.05 -24.2105 -15.419354838 -8.833333333 9.2
-30.15 -21.2105 -18.419354838 -9.833333333 9.2
-30.675 -25.2105 -19.419354838 -7.533333333 9.2
-32.05 -22.2105 -17.419354838 -6.833333333 9.2
-30.05 -22.2105 -17.419354838 -7.833333333 9.2
-32.05 -24.2105 -15.419354838 -8.833333333 9.2
-30.15 -21.2105 -18.419354838 -9.833333333 9.2
-30.675 -25.2105 -19.419354838 -7.533333333 9.2
-32.05 -22.2105 -17.419354838 -6.833333333 9.2
-25.06557377 27.5455 -17.296296296 -5.04347826 9.3
-26.06557377 28.5455 -16.296296296 -6.04347826 9.3
-22.06557377 29.5455 -17.796296296 -8.04347826 9.3
-26.36557377 22.5455 -18.496296296 -7.04347826 9.3
-26.56557377 27.5455 -19.296296296 -6.32347826 9.3
-25.06557377 27.5455 -17.296296296 -5.04347826 9.3
-26.06557377 28.5455 -16.296296296 -6.04347826 9.3
-22.06557377 29.5455 -17.796296296 -8.04347826 9.3
-26.36557377 22.5455 -18.496296296 -7.04347826 9.3
-26.56557377 27.5455 -19.296296296 -6.32347826 9.3
-22.982300884 -23.3636 -19.822222222 -13.269230769 9.4
-21.982300884 -24.3636 -17.822222222 -12.269230769 9.4
-24.982300884 -25.3636 -19.022222222 -11.269230769 9.4
-23.982300884 -21.3636 -21.822222222 -11.269230769 9.4
-21.082300884 -22.3636 -19.822222222 -10.269230769 9.4
-22.982300884 -23.3636 -19.822222222 -13.269230769 9.4
-21.982300884 -24.3636 -17.822222222 -12.269230769 9.4
-24.982300884 -25.3636 -19.022222222 -11.269230769 9.4
-23.982300884 -21.3636 -21.822222222 -11.269230769 9.4
-21.082300884 -22.3636 -19.822222222 -10.269230769 9.4
-26 -26 -12 -12 9.5
-26 -28 -10 -10 9.5
-28 -25 -9 -9 9.5
-25 -28 -12 -12 9.5
-27 -26 -11 -11 9.5
-26 -29 -9 -9 9.5
-27 -29 -9 -9 9.5
-30 -25 -11 -11 9.5
-27 -26 -6 -6 9.5
-30 -31 -11 -11 9.5
-34.018518518 -30.7857 -32.338461538 -0.450704225 10.1
-35.018518518 -31.0857 -31.338461538 -2.450704225 10.1
-33.018518518 -34.7857 -30.538461538 -0.050704225 10.1
-32.018518518 -32.7857 -30.638461538 -1.450704225 10.1
-34.018518518 -31.7857 -32.338461538 -0.250704225 10.1
-34.018518518 -30.7857 -32.338461538 -0.450704225 10.1
-35.018518518 -31.0857 -31.338461538 -2.450704225 10.1
-33.018518518 -34.7857 -30.538461538 -0.050704225 10.1
-32.018518518 -32.7857 -30.638461538 -1.450704225 10.1
-34.018518518 -31.7857 -32.338461538 -0.250704225 10.1
-27.059259259 -31.6 -15.469 -8.4 10.2
-25.259259259 -32.6 -18.469 -7.4 10.2
-26.259259259 -31.4 -16.469 -6.4 10.2
-28.259259259 -33.6 -17.469 -7.5 10.2
-27.659259259 -32.6 -17.469 -7.4 10.2
-27.059259259 -31.6 -15.469 -8.4 10.2
-25.259259259 -32.6 -18.469 -7.4 10.2
-26.259259259 -31.4 -16.469 -6.4 10.2
-28.259259259 -33.6 -17.469 -7.5 10.2
-27.659259259 -32.6 -17.469 -7.4 10.2
-32.547619047 -26.90625 -15.819444444 -11.6552 10.3
-33.547619047 -26.90625 -14.819444444 -13.6552 10.3
-30.547619047 -22.90625 -16.419444444 -15.6552 10.3
-31.547619047 -23.90625 -17.819444444 -12.6552 10.3
-31.947619047 -25.00625 -16.819444444 -11.6552 10.3
-32.547619047 -26.90625 -15.819444444 -11.6552 10.3
-33.547619047 -26.90625 -14.819444444 -13.6552 10.3
-30.547619047 -22.90625 -16.419444444 -15.6552 10.3
-31.547619047 -23.90625 -17.819444444 -12.6552 10.3
-31.947619047 -25.00625 -16.819444444 -11.6552 10.3
-23.56626506 -29.953846153 -2.960784313 -4.5556 10.4
-22.56626506 -28.953846153 -0.060784313 -3.5556 10.4
-21.56626506 -30.953846153 -1.960784313 -2.5556 10.4
-19.56626506 -32.953846153 -1.960784313 -4.0556 10.4
-20.56626506 -31.053846153 -0.960784313 -5.5556 10.4
-23.56626506 -29.953846153 -2.960784313 -4.5556 10.4
-22.56626506 -28.953846153 -0.060784313 -3.5556 10.4
-21.56626506 -30.953846153 -1.960784313 -2.5556 10.4
-19.56626506 -32.953846153 -1.960784313 -4.0556 10.4
-20.56626506 -31.053846153 -0.960784313 -5.5556 10.4
-25.6757 -29.157894736 0 -13.909090909 10.5
-24.6757 -27.157894736 -1 -14.909090909 10.5
-21.6757 -28.157894736 -0.5 -13.409090909 10.5
-23.6757 -29.157894736 0 -12.909090909 10.5
-23.6757 -28.157894736 0 -13.909090909 10.5
-25.6757 -29.157894736 0 -13.909090909 10.5
-24.6757 -27.157894736 -1 -14.909090909 10.5
-21.6757 -28.157894736 -0.5 -13.409090909 10.5
-23.6757 -29.157894736 0 -12.909090909 10.5
-23.6757 -28.157894736 0 -13.909090909 10.5
