-49.5714 -56.4286 -84.4286 -84.3571 -62.6803 -67.4231 1.1
-48.2857 -56.2857 -84.7143 -84.3571 -62.2949 -66.2137 1.1
-48.5 -57.7143 -85.0714 -85.3571 -65.6283 -69.9409 1.1
-47.8571 -56.9286 -85.3571 -85.3571 -64.5174 -69.5899 1.1
-48.2857 -56.6429 -84.6429 -85.4286 -64.5538 -66.6436 1.1
-48.2857 -57.2857 -85.2143 -85.6429 -62.9507 -68.5664 1.1
-47.9286 -56.6429 -85.3571 -85.5 -64.2943 -69.0375 1.1
-48.7857 -57 -84.5714 -85.7143 -63.7479 -68.3195 1.1
-48.5714 -56.7143 -84.8571 -85.5714 -64.5816 -69.2527 1.1
-49 -57.2857 -84.7143 -85.8571 -64.9923 -69.7697 1.1
-61.4444 -62.9444 -80.7222 -85.6667 -73.3985 -64.1135 1.2
-60.2778 -63.2778 -78.7778 -85.2778 -71.285 -62.7804 1.2
-60.8889 -62.8889 -79.7778 -85.7222 -70.6901 -62.7705 1.2
-60.5556 -62.3333 -79.4444 -84.3889 -68.1781 -61.3998 1.2
-60.8889 -62 -79.1667 -87.2222 -72.0282 -62.8824 1.2
-60.5 -62.2222 -79.3333 -86.7222 -73.8186 -63.8335 1.2
-60.2778 -63.4444 -79.5556 -87.5 -73.1404 -64.4316 1.2
-60.1667 -62.2778 -79.7778 -87.5 -72.9366 -63.9258 1.2
-60.5556 -62.3889 -80.2778 -86.7222 -73.6011 -63.6566 1.2
-61.4444 -62 -80.4444 -86 -71.5626 -65.0572 1.2
-72 -45.9091 -85.8182 -82.4545 -70.2645 -77.6543 1.3
-71.1818 -46.1818 -86.0909 -82.2727 -68.8417 -77.8337 1.3
-71.9091 -46.5455 -86 -81.8182 -69.1373 -76.0471 1.3
-71.0909 -45.0909 -86.0909 -80.6364 -68.9138 -80.2395 1.3
-70.9091 -44.5455 -86.9091 -80.3636 -68.2776 -80.7505 1.3
-71.5455 -46.8182 -87.1818 -82.5455 -67.995 -80.7986 1.3
-71.2727 -45.3636 -87.4545 -79.7273 -74.0531 -80.0792 1.3
-70.7273 -43.7273 -84.9091 -78.5455 -73.3246 -80.2505 1.3
-71.7273 -45.3636 -86.3636 -80.6364 -73.2124 -80.4609 1.3
-69.8182 -43.4545 -85.8182 -80.8182 -72.6723 -80.4659 1.3
-61.375 -46.375 -74.125 -76.375 -66.3051 -72.3559 1.4
-63.375 -48.5 -76 -78.5625 -65.3816 -70.9269 1.4
-64.9375 -49 -76.0625 -80.9375 -66.0054 -70.839 1.4
-65.4375 -49.5 -76.25 -80.1875 -65.3275 -71.2497 1.4
-65.4375 -48.6875 -77.0625 -79.5 -65.5562 -71.1218 1.4
-64.875 -48.25 -75.6875 -79.4375 -65.5298 -71.2409 1.4
-61.875 -46 -74.1875 -76.5625 -65.5264 -71.2774 1.4
-63.375 -47 -75.6875 -77.5 -66.8857 -73.3106 1.4
-62.5 -46.375 -74.5625 -76.875 -67.4635 -73.316 1.4
-63.875 -48.25 -75.6875 -77.9375 -66.3789 -73.2375 1.4
-63.7895 -52.9474 -81.7895 -74.4737 -66.4857 -71.9429 1.5
-63.2632 -51.2105 -81.8947 -74.2632 -66.85 -72.075 1.5
-61.5789 -49.9474 -84.3684 -73.4211 -66.5857 -72.0929 1.5
-61.8947 -48.9474 -83.2105 -71.8421 -66.65 -72.0286 1.5
-60.7895 -50.3158 -81.5789 -71.0526 -66.4714 -71.8143 1.5
-61.7368 -49.3684 -81.1579 -70.8421 -66.6214 -71.7 1.5
-60.6842 -49.0526 -82.1053 -72.5789 -66.5571 -71.7893 1.5
-61.6842 -53.2632 -82 -75.6316 -66.5 -71.5286 1.5
-60.5263 -52.8947 -78.2105 -73.2632 -66.4821 -71.5393 1.5
-59.3158 -49.6316 -86.6842 -74.6842 -66.725 -71.65 1.5
-60.9167 -67 -80.1667 -82.75 -65.2693 -69.275 2.1
-61.75 -66.4167 -79.0833 -82.9167 -65.5578 -69.1276 2.1
-63.5 -70.1667 -81.1667 -84.3333 -66.3565 -70.2077 2.1
-61.6667 -68.25 -79.6667 -82.75 -65.068 -68.8335 2.1
-63.3333 -68.5 -81.4167 -84.9167 -65.1375 -67.8887 2.1
-61.5 -65.6667 -79.25 -83.25 -63.5974 -66.6981 2.1
-61.5 -66.8333 -79.6667 -82.8333 -64.4146 -67.8611 2.1
-61 -67.9167 -79.25 -82.4167 -63.9334 -67.5273 2.1
-62.25 -68.5 -79.9167 -83.1667 -63.9057 -66.7612 2.1
-61.75 -67.1667 -79.3333 -82.6667 -63.7626 -68.0184 2.1
-60.9167 -58.6667 -72.9167 -85.6667 -73.479 -67.3656 2.2
-61.5 -59.4167 -73.1667 -84.5833 -74.1169 -68.3443 2.2
-61.5833 -59.5 -73.8333 -85.5 -73.9038 -68.6465 2.2
-63.3333 -62 -76.75 -85.5 -73.5681 -68.2708 2.2
-63.3333 -60.8333 -75.1667 -87.25 -73.5267 -68.0064 2.2
-64.5833 -62.5833 -76 -85.3333 -71.2929 -67.0207 2.2
-62.0833 -64.1667 -76.1667 -85.5833 -71.6272 -67.0613 2.2
-62.3333 -63.5833 -76.25 -85.6667 -69.1875 -65.2844 2.2
-61.5833 -60.5 -75 -85.75 -66.5994 -65.3286 2.2
-61.0833 -60.25 -75.0833 -86.8333 -66.0855 -64.4775 2.2
-61.1111 -62.8889 -80 -89.8889 -63.3397 -69.6459 2.3
-60.2222 -63.5556 -80.4444 -87.1111 -60.3748 -69.6124 2.3
-60 -63.6667 -79.8889 -88 -62.3955 -70.5486 2.3
-61.4444 -64.3333 -80 -87 -61.9362 -70.319 2.3
-60.3333 -64 -80.6667 -86.6667 -61.5359 -70.1898 2.3
-60.7778 -66.3333 -81.5556 -88.3333 -61.488 -69.6156 2.3
-59.5556 -63.2222 -78.8889 -88.5556 -61.37 -69.1419 2.3
-60.7778 -64.5556 -80.1111 -91.5556 -61.3078 -69.748 2.3
-60 -63.3333 -80.6667 -90 -59.0383 -67.051 2.3
-61.2222 -64.8889 -80.8889 -89.6667 -63.0032 -70.571 2.3
-68.2 -52.08 -72.16 -78 -60.6709 -60.709 2.4
-70.2 -52.68 -72.56 -77.72 -60.3202 -60.465 2.4
-66.52 -50.12 -70.48 -76.96 -60.3874 -60.4739 2.4
-69.88 -54.44 -73.8 -80.16 -60.2026 -60.4753 2.4
-69.76 -53.36 -73.08 -79.16 -60.1533 -60.4791 2.4
-68.8 -53.52 -73 -78.64 -60.9111 -60.5764 2.4
-69.64 -53.4 -72.8 -79.16 -60.0282 -60.6958 2.4
-69.04 -52.6 -72.32 -77.92 -60.1429 -60.4433 2.4
-68.6 -52.44 -72.2 -77.64 -60.4716 -60.3747 2.4
-67.6 -51.56 -71.24 -78.08 -62.5355 -62.0602 2.4
-71.8182 -46.6364 -77.1818 -77.0909 -59.1715 -69.7877 2.5
-69.8182 -46.7273 -77 -76 -59.2796 -68.0984 2.5
-71.2727 -47.1818 -78 -77.0909 -58.7583 -67.6674 2.5
-72.4545 -49.3636 -78.6364 -78.5455 -58.9505 -67.893 2.5
-71.7273 -47.4545 -78.7273 -76.8182 -59.2031 -68.3884 2.5
-72.8182 -48.8182 -79.9091 -78 -59.9885 -68.9845 2.5
-73.6364 -49.8182 -81 -78.7273 -59.2445 -69.2929 2.5
-70.7273 -46.5455 -78 -75.8182 -61.4097 -70.618 2.5
-71.3636 -47.9091 -78.5455 -78.6364 -59.6392 -71.0886 2.5
-72.4545 -46.9091 -77.0909 -78.2727 -58.8412 -69.5558 2.5
-74.5 -75.8333 -77 -87.1667 -66.2889 -72.8108 3.1
-75.8333 -74.8333 -78 -84.3333 -68.1515 -71.9598 3.1
-76.1667 -76.6667 -78.3333 -85.8333 -67.8791 -71.7421 3.1
-73.3333 -75.6667 -76.3333 -83.5 -67.7467 -72.6963 3.1
-73.3333 -75.5 -76.1667 -83.1667 -66.2153 -72.4838 3.1
-74.3333 -76.5 -75.6667 -84 -66.5923 -72.4517 3.1
-75.3333 -75.5 -76.5 -84.1667 -68.3312 -72.7192 3.1
-74.3333 -77 -75 -84.5 -68.03 -72.9799 3.1
-76.3333 -76.3333 -77 -84 -70.1642 -75.4426 3.1
-76.3333 -75.3333 -76.6667 -86.1667 -73.0708 -76.2558 3.1
-63.3636 -68.9091 -78.1818 -82.5455 -69.009 -73.2394 3.2
-61.8182 -63.4545 -76.8182 -79.8182 -66.4479 -73.5135 3.2
-63.0909 -65.5455 -79.1818 -80.9091 -68.7503 -73.2819 3.2
-63 -66.4545 -79.5455 -80.8182 -70.2124 -73.3192 3.2
-62.1818 -63.9091 -78.2727 -79.8182 -69.3758 -73.3668 3.2
-63.2727 -64.7273 -77.3636 -80 -69.2471 -73.2008 3.2
-64.6364 -66.1818 -79.3636 -82 -68.8095 -73.2175 3.2
-63.5455 -65.5455 -80 -81.6364 -68.1068 -72.8546 3.2
-61.1818 -63.1818 -75.8182 -81.7273 -68.4685 -66.964 3.2
-61.1818 -64 -74.9091 -80.5455 -69.4196 -65.1969 3.2
-71.8824 -67.4118 -72.9412 -85.5882 -56.0397 -63.6219 3.3
-70.8824 -69.1176 -71.7647 -84.4118 -55.7778 -63.9328 3.3
-72.3529 -68.8235 -73.4706 -84.8824 -55.6631 -64.101 3.3
-70.0588 -67.5294 -69.1765 -82.2941 -55.6925 -63.976 3.3
-70.2353 -68.2941 -69.8235 -82.7647 -56.103 -64.0309 3.3
-70.9412 -67 -69.1176 -82.4706 -56.0589 -64.0304 3.3
-71.3529 -67.0588 -70.6471 -82.8235 -55.4801 -63.2805 3.3
-69.5882 -65.1176 -72.8824 -84.2941 -56.1182 -63.205 3.3
-68.4118 -64.2353 -71.1176 -83.0588 -55.8499 -62.8975 3.3
-69.4118 -64.2941 -71.1765 -82.7059 -55.7072 -62.9686 3.3
-81.4211 -63.4211 -65.6316 -82.1053 -57.2662 -67.5284 3.4
-78.2105 -61.2105 -63.5263 -81.0526 -56.6979 -66.2233 3.4
-82.8421 -64.3158 -66.6842 -83.4211 -56.5573 -67.0459 3.4
-81.5789 -63.3158 -64.8421 -81.4737 -56.5593 -66.8285 3.4
-81.4211 -63.0526 -66.1053 -82.2632 -57.0648 -67.0847 3.4
-81.1053 -62.2632 -64.1579 -81.6316 -57.4128 -67.2173 3.4
-81.9474 -63.6316 -66.3684 -83.3684 -57.3629 -67.3819 3.4
-80 -62 -64.6842 -80.6842 -57.4786 -67.2732 3.4
-79.8421 -62.5263 -66.2632 -79.8421 -56.0399 -65.6112 3.4
-79.1053 -63.4211 -66.6316 -81 -56.2313 -65.0947 3.4
-73.8333 -64.6667 -85.6667 -77 -61.8505 -70.4727 3.5
-72.8333 -63 -83.5 -75.8333 -61.5253 -69.7333 3.5
-72.5 -62.6667 -83.6667 -75 -61.6121 -69.9758 3.5
-72.8333 -63 -83.3333 -75 -62.0061 -71 3.5
-74 -63.5 -84.3333 -75.3333 -61.8869 -70.9939 3.5
-72.8333 -63.8333 -82.8333 -76 -61.7232 -70.3232 3.5
-72.1667 -63 -83.3333 -75.1667 -61.4909 -70.3313 3.5
-72 -62.5 -83.1667 -76.3333 -61.3273 -70.3455 3.5
-73.1667 -64.1667 -83.3333 -77.1667 -61.6869 -70.3475 3.5
-74.6667 -66 -83.1667 -77.1667 -64.1677 -71.8889 3.5
-68.5625 -76.625 -87.5 -77.5625 -56.3766 -60.4693 4.1
-67.6875 -75.8125 -85.3125 -76.875 -56.1138 -60.4401 4.1
-68.8125 -77.5625 -83.5625 -76.5625 -56.2447 -60.1329 4.1
-68.875 -78 -82.25 -76.4375 -56.6234 -60.7603 4.1
-71.5625 -79.1875 -84.5 -79.3125 -55.9134 -60.7905 4.1
-71.8125 -79.4375 -85 -79.5625 -56.3867 -61.0926 4.1
-72.1875 -79.0625 -85.6875 -79.25 -58.0906 -63.0443 4.1
-72.375 -79.5625 -85.1875 -79.5625 -58.429 -64.1853 4.1
-71.9375 -79 -84.9375 -78.8125 -58.2427 -63.5559 4.1
-71.3125 -78.6875 -84.3125 -79.125 -57.429 -63.72 4.1
-76.1364 -70.4091 -69.9091 -82.2727 -57.3327 -68.299 4.2
-72.2273 -70.3636 -69.7273 -80.8636 -56.7723 -67.8257 4.2
-71.2273 -69 -68.6364 -79.5455 -55.9723 -67.6772 4.2
-70.1364 -65.8636 -66.5909 -77.6364 -56.0574 -65.3861 4.2
-72.5455 -70.1364 -71.0909 -81.7273 -56.097 -66.7089 4.2
-72.5909 -69.3636 -70.8636 -81.4545 -55.3545 -65.5327 4.2
-72.2273 -68.6364 -70.2273 -81.0909 -55.5921 -64.7802 4.2
-73.5 -68.0909 -69.7273 -81.5455 -56.9941 -66.6059 4.2
-73.6364 -64.4091 -68.8636 -82.1364 -55.9604 -66.5327 4.2
-77.1364 -64.4545 -68.8636 -81.3636 -56.6515 -66.8911 4.2
-71 -73.4167 -75.1667 -79 -24.6119 -65.3801 4.3
-70.0833 -71.5 -74.5 -77.4167 -23.7817 -64.1213 4.3
-68.75 -72 -73.75 -79.0833 -24.841 -64.9704 4.3
-71.4167 -72.8333 -75.9167 -81.9167 -24.1914 -63.8464 4.3
-70.5833 -72.0833 -75.25 -79.5 -24.655 -65.4474 4.3
-71.5833 -72.75 -75.8333 -81.25 -25.035 -65.469 4.3
-72.5 -73.3333 -76.1667 -80.5 -25.0404 -65.4501 4.3
-72.1667 -72.5833 -76.5 -80.5 -24.2534 -65.4555 4.3
-70.6667 -72.5 -75.8333 -79.25 -25.062 -65.4825 4.3
-68.5833 -71.5833 -75.5 -77.9167 -25.283 -64.6658 4.3
-72.7 -66.7 -77.5 -78.8 -49.3994 -68.186 4.4
-72.4 -66.7 -77.8 -77.2 -49.9482 -67.0701 4.4
-69.1 -68.1 -77.7 -76.4 -48.7409 -67.5884 4.4
-70.5 -69.1 -77.8 -75.7 -50.4634 -69.0518 4.4
-71 -68.4 -77.4 -76.7 -47.8598 -66.6677 4.4
-73.1 -71.2 -79 -78.8 -53.6433 -68.4482 4.4
-72.5 -71.6 -78 -78.1 -52.1677 -69.2835 4.4
-73.3 -71.2 -78.3 -76.7 -51.5457 -69.2988 4.4
-73.9 -71.1 -77.2 -78.5 -50.9756 -69.2043 4.4
-74.7 -71 -77.5 -79.3 -49.5732 -69.0976 4.4
-75.7 -64.9 -70.2 -82.6 -71.0561 -68.885 4.5
-75.5 -65.4 -70.7 -82.4 -72.8449 -69.5561 4.5
-74.7 -64.9 -70.8 -83.2 -73.3717 -69.6417 4.5
-74.5 -64 -70.3 -83.3 -73.4385 -69.639 4.5
-75.4 -63.9 -70.7 -83.4 -73.9011 -69.7914 4.5
-75.7 -62.8 -71.5 -82.9 -70.8369 -68.2914 4.5
-76 -64.9 -72.8 -85 -70.8075 -68.4893 4.5
-76.6 -67.7 -75.9 -85.4 -72.6471 -69.7059 4.5
-76.2 -68.1 -73.7 -84.8 -72.2353 -69.3235 4.5
-77.9 -68.2 -72.5 -83.9 -70.139 -68.8369 4.5
-69 -62 -77.3333 -81.3333 -64.8382 -73.5906 5.1
-67 -60 -75.3333 -79.3333 -64.2483 -72.1731 5.1
-67 -60.3333 -74.3333 -79.6667 -59.3084 -70.5041 5.1
-67 -60.3333 -75 -79 -62.0819 -71.563 5.1
-67 -61.6667 -77.3333 -80.3333 -63.4335 -71.5045 5.1
-68 -61 -76.6667 -80.3333 -61.8674 -71.9431 5.1
-68.6667 -63 -75.6667 -80 -63.3505 -70.3552 5.1
-71.3333 -64 -77 -83.6667 -61.7462 -69.6288 5.1
-71.3333 -64 -78.3333 -85 -62.2963 -72.0226 5.1
-68.3333 -61.6667 -76.6667 -82.3333 -62.9801 -71.7314 5.1
-64.6562 -71.6562 -69.9688 -78.8438 -69.9003 -69.9637 5.2
-63.9688 -72.9688 -70.5312 -78.7812 -67.5423 -68.4154 5.2
-65.0312 -72.5312 -70.9688 -78.4688 -63.9849 -65.503 5.2
-65.8438 -72.2812 -71.0625 -78.875 -60.6586 -65.3686 5.2
-67.0625 -72.8438 -71.6875 -79.4375 -61.6208 -67.8278 5.2
-64.0625 -72.25 -69.5625 -79.6875 -63.4849 -70.781 5.2
-64.3125 -66.6562 -67.9062 -81.6875 -67.9486 -69.926 5.2
-64.0938 -65.5625 -68.3125 -81.25 -66.9668 -70.3142 5.2
-62.25 -67.9062 -67.3438 -81.5312 -67.3625 -70.5483 5.2
-65 -70 -69.8125 -82.25 -67.1118 -70.1118 5.2
-71.381 -69.0952 -70.2381 -81.8095 -48.3233 -70.6791 5.3
-71.4286 -69.1905 -68.9524 -80.1905 -48.5092 -70.2759 5.3
-70.4762 -69.9048 -69.1429 -79.2857 -48.7338 -70.4269 5.3
-72.0476 -70.5714 -72.2381 -81.1429 -48.5257 -69.1041 5.3
-69.7619 -67.8571 -67.3333 -78.1905 -47.7672 -67.985 5.3
-70.4286 -67.8571 -67.9524 -78.9048 -47.6379 -68.8403 5.3
-71.0476 -68.1429 -69.1905 -79.6667 -48.2667 -69.9434 5.3
-71.7143 -69.1905 -69.3333 -79 -48.6389 -70.1297 5.3
-71.2381 -68.3333 -68.619 -78.619 -49.3475 -70.5649 5.3
-72.0476 -69.2857 -69.1905 -78.4762 -48.8674 -70.272 5.3
-65.875 -72.875 -81.125 -73.125 -56.9336 -67.2965 5.4
-65.875 -73 -81.375 -73.125 -56.4469 -65.6681 5.4
-70.5 -74.5 -82.125 -76.875 -56.8319 -64.6903 5.4
-72.25 -74.75 -82.75 -76.375 -57.8053 -67.3938 5.4
-71 -76.25 -80.25 -77 -54.646 -64.5177 5.4
-71.625 -76 -81.875 -77.5 -55.385 -64.6018 5.4
-70.5 -76 -81.625 -78.25 -57.0664 -66.3363 5.4
-71.5 -73.25 -79.625 -76.25 -57.5487 -65.7478 5.4
-72.5 -73.75 -78.125 -74.875 -54.3805 -65.3363 5.4
-69.125 -72.25 -77.625 -73.875 -53.6195 -64.0796 5.4
-71.25 -73.0625 -75.3125 -78.5 -57.1939 -62.1149 5.5
-71.875 -72.625 -77.125 -80 -56.8719 -61.95 5.5
-70.6875 -71.9375 -75.5 -78.5 -57.3772 -63.0184 5.5
-69.0625 -71.1875 -74.5625 -77.1875 -59.4711 -64.7228 5.5
-68.625 -71.125 -74.5625 -76.75 -59.786 -64.1281 5.5
-68.75 -70.75 -74.125 -77.625 -59.45 -63.4035 5.5
-68.875 -70.4375 -74.0625 -76.9375 -58.9096 -64.4342 5.5
-68.5625 -71.5 -73.75 -76.8125 -60.1395 -64.5325 5.5
-68.5625 -72.0625 -74.25 -77.125 -59.3202 -63.5342 5.5
-68.4375 -71.5 -74.1875 -77.1875 -59.4193 -63.7061 5.5
-77.25 -72.125 -71.625 -86.375 -74.1184 -61.2544 6.1
-76 -69.75 -70.625 -85.625 -73.4068 -61.6713 6.1
-76.375 -69 -70.125 -85.75 -73.9622 -61.2116 6.1
-77.125 -67.875 -70.5 -84.875 -74.1411 -62.0025 6.1
-75.625 -66.75 -68.875 -83.75 -73.7884 -61.869 6.1
-77.5 -68.5 -70.875 -85.25 -73.6259 -61.3728 6.1
-76.5 -68.375 -70.625 -85.625 -74.1033 -61.597 6.1
-76 -67.875 -68.875 -85.25 -74.0617 -61.0315 6.1
-73.75 -68.5 -68.75 -85.5 -74.0756 -61.6826 6.1
-74.375 -69.875 -68.25 -87.125 -74.2091 -61.403 6.1
-65.4167 -70.75 -71.0833 -74.25 -64.3441 -62.9885 6.2
-64.6667 -68.25 -69.5833 -73.4167 -64.0139 -62.8845 6.2
-64.3333 -70.25 -70.6667 -73.1667 -64.4758 -63.1801 6.2
-66 -70.75 -71.6667 -74.3333 -64.3118 -64.1801 6.2
-64.6667 -66.6667 -69.25 -73 -64.3857 -63.6143 6.2
-67 -67.9167 -71.9167 -74.5833 -63.1594 -61.1801 6.2
-65.1667 -66.25 -69.75 -73.5833 -64.4873 -60.8383 6.2
-66.0833 -67.5 -70.25 -73.8333 -63.8891 -61.6028 6.2
-65.0833 -68.0833 -72.5833 -73.5833 -64.0092 -62.3025 6.2
-63.0833 -63.75 -67.4167 -71.9167 -64.7714 -64.1917 6.2
-67.3333 -70.7778 -76.7778 -85 -57.1399 -60.6674 6.3
-67.7778 -72.2222 -77.5556 -85.3333 -57.2422 -60.9081 6.3
-65.4444 -69.8889 -75.6667 -84 -57.2359 -61.1468 6.3
-68.4444 -71.3333 -77.7778 -83.3333 -57.5094 -61.2568 6.3
-65.4444 -69.5556 -75 -85 -56.8678 -60.7001 6.3
-66.5556 -70.3333 -75.3333 -85.7778 -56.9743 -61.2317 6.3
-66.4444 -71.6667 -75.3333 -85.5556 -57.858 -61.4356 6.3
-68.4444 -69.6667 -77 -83.6667 -58.0536 -62.2422 6.3
-66 -68.1111 -75.3333 -83.3333 -57.9102 -62.1322 6.3
-67.2222 -69.8889 -76.7778 -83.7778 -57.7154 -60.1155 6.3
-71 -69.3333 -63.6667 -77 -61.9491 -65.9517 6.4
-67.3333 -69.3333 -63 -74.6667 -61.2735 -64.7802 6.4
-70 -72 -66.3333 -76.6667 -57.9705 -64.1126 6.4
-70 -79 -65.6667 -74.3333 -59.5764 -63.2306 6.4
-72 -74.3333 -66.3333 -74.3333 -59.7909 -65.4504 6.4
-73 -74.3333 -65.6667 -76.6667 -59.7802 -65.3807 6.4
-73 -79 -66.3333 -76.6667 -59.6139 -64.4987 6.4
-74 -72 -65.6667 -74.3333 -60.0456 -65.1877 6.4
-74 -76.6667 -66.3333 -74.3333 -59 -64.4772 6.4
-71.3333 -75.6667 -65 -78.3333 -59.6086 -62.6381 6.4
-66.9 -68.9 -72.3 -72 -57.9493 -66.0784 6.5
-67 -69 -72.6 -73.4 -57.8854 -65.8995 6.5
-66.2 -71 -73.6 -72.8 -58.0463 -65.6743 6.5
-66 -71 -69.8 -72 -57.6232 -65.8779 6.5
-66.8 -70.9 -73.7 -72 -58.0551 -64.6086 6.5
-67 -71.1 -69.9 -72 -57.7779 -65.5478 6.5
-66 -71 -73.5 -73 -57.9489 -72.1785 6.5
-66 -71 -70 -73 -57.6016 -73.3535 6.5
-67 -71.6 -73.4 -73 -58.4557 -71.6888 6.5
-67.3 -71.2 -70 -73.6 -60.3103 -70.6038 6.5
-74.5 -75.5 -81.5 -74.5 -68.5068 -62.7836 7.1
-77 -79.5 -85 -78.5 -68.128 -61.0676 7.1
-73 -76.5 -81.5 -74.5 -69.7471 -61.2133 7.1
-76 -81 -83.5 -78.5 -68.6316 -60.9657 7.1
-73 -75.5 -82.5 -72.5 -68.8741 -62.5359 7.1
-74 -80.5 -84.5 -75.5 -68.7055 -61.9084 7.1
-72.5 -78 -80.5 -73.5 -68.0895 -62.1883 7.1
-77.5 -82 -84.5 -79.5 -68.334 -62.4256 7.1
-75.5 -79.5 -82.5 -77.5 -68.1696 -62.1915 7.1
-75 -80 -83.5 -78 -69.4995 -62.4464 7.1
-79.0435 -69.1739 -69.7391 -78.2609 -73.1786 -61.1881 7.2
-79.1739 -69.6087 -69.9565 -78.6087 -71.8687 -59.5213 7.2
-78.6522 -67.5652 -67.7391 -78.1304 -72.4503 -59.3462 7.2
-77.5652 -66.3478 -66.2174 -76.7826 -72.1014 -59.8143 7.2
-77.0435 -66.4783 -66.8261 -77.6957 -72.4924 -59.6666 7.2
-77.8696 -66.5652 -66.1304 -77.0435 -72.7727 -59.4895 7.2
-77.3043 -67.1739 -67 -77.4348 -72.6418 -60.3094 7.2
-78 -67.0435 -67.087 -77.6087 -70.8589 -60.8273 7.2
-76.1739 -65.8696 -67 -77.913 -69.7479 -60.0167 7.2
-76.4783 -66.3478 -66.4783 -77.1304 -68.5064 -58.5953 7.2
-74.5 -77.9 -74.5 -75.6 -73.2478 -45.6167 7.3
-75.4 -77.6 -75.1 -76.3 -75.2305 -46.696 7.3
-74.3 -75.6 -73.5 -74.5 -74.9337 -47.7651 7.3
-78.6 -74.7 -73.6 -72.9 -74.7464 -47.0173 7.3
-74.7 -74.8 -73.1 -73 -74.0115 -47.0893 7.3
-77 -77.4 -74.2 -75.1 -73.6715 -47.3818 7.3
-75.6 -75.1 -73.2 -73.5 -73.3285 -47.1859 7.3
-75.5 -77.7 -75.1 -76.3 -73.2305 -46.2536 7.3
-75.8 -77.2 -75.3 -77.1 -72.6585 -45.2133 7.3
-75.8 -77.2 -75.1 -76.4 -73.2565 -46.8703 7.3
-84.7143 -78.7143 -72.2857 -73.7143 -65.9269 -56.0373 7.4
-82 -79.8571 -73.4286 -72.1429 -63.8379 -53.8683 7.4
-83.8571 -79.1429 -72.5714 -74.1429 -65.1507 -55.8729 7.4
-83.7143 -78.8571 -72.7143 -74.4286 -66.2329 -56.3128 7.4
-83.1429 -77.7143 -73 -73.4286 -65.9589 -55.7983 7.4
-82.2857 -78.1429 -73.2857 -73 -65.5563 -54.4163 7.4
-79.2857 -77.4286 -74.4286 -71.4286 -64.7747 -55.0624 7.4
-82.2857 -77.4286 -73.5714 -72.5714 -64.9939 -54.9627 7.4
-84.4286 -77.7143 -74.1429 -73.4286 -62.3828 -52.0122 7.4
-82.2857 -76.5714 -73.4286 -73 -63.7139 -53.6377 7.4
-71.5 -67 -75.5 -71.5 -66.059 -53.8906 7.5
-71 -66.5 -74 -70.5 -66.6364 -56.6566 7.5
-70 -65 -74 -70.5 -67.7055 -58.347 7.5
-71 -67 -74.5 -73 -66.0425 -56.964 7.5
-70.5 -65 -73.5 -69.5 -66.8049 -58.1051 7.5
-70.5 -65.5 -73.5 -70.5 -67.1929 -58.1483 7.5
-70 -65 -73.5 -69.5 -66.7811 -57.6278 7.5
-70 -65.5 -74 -70.5 -67.0468 -58.2462 7.5
-70.5 -65.5 -73.5 -71 -66.676 -57.563 7.5
-70 -65.5 -73 -70.5 -65.5702 -55.959 7.5
-82.5 -77 -82 -89.5 -66.6128 -64.1275 8.1
-82.5 -75 -80 -92 -65.6195 -63.2886 8.1
-84 -73.5 -80.5 -89 -66.0745 -62.8242 8.1
-86.5 -77 -80.5 -90.5 -66.7772 -64.0403 8.1
-84.5 -74.5 -78.5 -87 -67.4369 -64.0846 8.1
-81.5 -73.5 -78 -83.5 -67.4403 -63.751 8.1
-82 -73 -78 -83 -67.6403 -64.402 8.1
-81 -74.5 -77.5 -83.5 -67.2329 -63.8785 8.1
-83.5 -75 -78.5 -80.5 -67.6054 -65.2463 8.1
-85 -74.5 -79 -82 -66.7087 -64.3054 8.1
-77 -68.4444 -82.6667 -80.4444 -77.2096 -48.384 8.2
-74.5556 -68.1111 -83.5556 -80.2222 -77.298 -48.3086 8.2
-79 -72 -84.2222 -82.3333 -76.9349 -47.7417 8.2
-75.3333 -67.6667 -81.8889 -80.4444 -77.0655 -48.6955 8.2
-75.6667 -66.8889 -82.1111 -79.7778 -77.262 -48.9955 8.2
-77.3333 -69.2222 -83.7778 -81.4444 -78.1212 -47.7691 8.2
-77.8889 -72.7778 -83.8889 -82.3333 -76.1674 -48.44 8.2
-76.7778 -69.6667 -83.1111 -80.2222 -76.1281 -48.817 8.2
-76.7778 -69.8889 -82.7778 -80.5556 -76.2955 -49.6263 8.2
-77.7778 -71 -83.4444 -81 -76.0049 -49.2788 8.2
-77.4286 -74.7143 -84.4286 -78.1429 -69.6615 -43.7408 8.3
-76.5714 -74.1429 -84.5714 -76.7143 -70.3385 -43.4105 8.3
-77.7143 -74.1429 -85.5714 -77.8571 -70.1177 -44.3835 8.3
-76.4286 -73.1429 -86.7143 -77.5714 -70.2445 -43.4685 8.3
-74.8571 -72.4286 -88.7143 -73.8571 -69.5871 -42.5585 8.3
-74.8571 -70.7143 -85.7143 -71.2857 -73.1807 -42.9853 8.3
-75.7143 -71.7143 -87.5714 -72.7143 -74.5675 -43.3295 8.3
-75.5714 -73.1429 -88.7143 -70.7143 -73.8087 -43.4595 8.3
-73.8571 -69.7143 -84.5714 -69.7143 -73.045 -42.6476 8.3
-75 -71.5714 -84.8571 -74.8571 -71.6599 -41.6067 8.3
-71.75 -72.25 -75.5 -84.75 -67.6443 -54.8735 8.4
-70.875 -71.125 -74.625 -84.875 -68.7352 -56.3715 8.4
-69.875 -71.125 -73.625 -83.5 -68.9644 -54.6008 8.4
-69.875 -71.5 -74 -83.875 -70.8142 -54.6245 8.4
-70.125 -71.375 -73.375 -83.875 -70.4664 -53.5415 8.4
-70.875 -70.75 -73.75 -83.625 -70.4743 -53.4071 8.4
-71.75 -72.625 -74.25 -83.625 -70.1186 -53.3913 8.4
-71.125 -72.125 -74.125 -83.5 -67.5929 -53.4545 8.4
-69.625 -70.625 -72.25 -82.75 -69.9723 -53.5731 8.4
-72.25 -72.25 -74.75 -85.125 -68.9881 -52.7747 8.4
-67.5 -67.875 -75.5 -90.25 -64.9227 -53.6618 8.5
-66.625 -68.625 -75.125 -89.125 -64.7857 -53.5743 8.5
-67.75 -70 -75.25 -89.375 -65.3499 -53.9636 8.5
-68.125 -70 -75.375 -89.75 -64.3455 -53.3207 8.5
-69.25 -69.875 -75.5 -88.875 -64.481 -53.4869 8.5
-65.75 -69.875 -74.625 -89.75 -64.2536 -53.6691 8.5
-69 -73.125 -76.125 -89 -64.5802 -52.9592 8.5
-69 -72.5 -76 -88.5 -64.3717 -52.8367 8.5
-69.75 -72.5 -76.125 -89 -62.965 -51.9738 8.5
-69.875 -72 -75.875 -89.125 -63.0102 -51.9563 8.5
-80.25 -81 -74.5 -72.75 -65.7309 -55.1127 9.1
-79.75 -81 -74.25 -72.25 -64.4804 -53.8906 9.1
-79.75 -80.75 -74.75 -72.5 -64.3418 -53.8913 9.1
-79.75 -81 -75.25 -73.25 -64.5768 -54.1059 9.1
-80 -81.25 -74.5 -74 -64.3745 -54.0456 9.1
-79 -80.25 -74.25 -74 -64.5116 -53.9758 9.1
-78.5 -80 -73 -73 -64.4641 -54.0183 9.1
-76.75 -79.5 -69.5 -69.25 -64.4691 -53.9908 9.1
-79 -82.25 -72 -70.25 -64.8779 -54.9108 9.1
-81 -81.75 -73.75 -71.25 -66.8614 -55.8175 9.1
-81.1667 -77 -75.6667 -73.3333 -72.0593 -53.4128 9.2
-81.3333 -77.1667 -75.8333 -72.6667 -71.2242 -51.8577 9.2
-82.1667 -77.6667 -75.8333 -73.3333 -70.1756 -50.4757 9.2
-81 -77.1667 -75.1667 -72.1667 -70.1447 -50.9265 9.2
-82.1667 -76.8333 -75.3333 -73.8333 -72.1352 -52.3796 9.2
-80.8333 -75 -74 -70.8333 -73.637 -53.8126 9.2
-81.8333 -76.5 -74.8333 -72 -73.223 -53.1352 9.2
-80 -75.5 -75.3333 -71.5 -72.5694 -51.6856 9.2
-78.5 -76.5 -75.1667 -73 -72.8078 -52.6619 9.2
-79 -76.5 -74.8333 -73.3333 -73.0641 -52.8541 9.2
-81 -72.5714 -72.4286 -67 -68.3145 -47.3823 9.3
-84 -74.2857 -73.1429 -68 -68.6629 -46.7156 9.3
-84.5714 -73 -70.8571 -67.4286 -67.8719 -48.3352 9.3
-83.7143 -71.7143 -71.8571 -65.5714 -68.774 -49.4633 9.3
-83.7143 -71 -69.2857 -64.4286 -68.8889 -48.2335 9.3
-85.2857 -73.5714 -72.7143 -68 -68.6497 -47.9416 9.3
-84.5714 -73.5714 -72.4286 -68.4286 -68.9548 -48.3559 9.3
-84.2857 -74.4286 -74.1429 -69 -69.1375 -48.6742 9.3
-84.2857 -73.2857 -73.7143 -68 -69.2787 -48.4765 9.3
-84.5714 -72.2857 -71.2857 -65.5714 -67.919 -47.0188 9.3
-70.5 -74.9091 -60.1364 -70.3636 -74.9242 -67.5093 9.4
-70.6364 -78.2727 -61.7273 -71.8182 -75.3316 -67.6364 9.4
-69.2273 -76.7727 -61.3182 -70.9545 -74.7325 -67.0979 9.4
-69.0909 -77.7727 -61.5 -70.3636 -75.3106 -67.211 9.4
-66.2727 -76.7727 -59.4091 -68 -75.1579 -67.1171 9.4
-66.7727 -76.1818 -59.0455 -68.3182 -74.7756 -67.1492 9.4
-66.3636 -76.4545 -60.1364 -67.0455 -74.2255 -67.3007 9.4
-65.9091 -75.5 -59 -67.6818 -75.3689 -67.7552 9.4
-66.9545 -75.4091 -59.2273 -67.6364 -74.8747 -67.303 9.4
-67.2727 -75 -58.5455 -67.6364 -73.6404 -66.8258 9.4
-72 -84 -68 -71 -67.1701 -63.7977 9.5
-75.5 -85.5 -71.5 -76.5 -67.6437 -64.6437 9.5
-70 -83.5 -68.5 -73 -65.9126 -63.7701 9.5
-76.5 -87 -71.5 -76.5 -66.4276 -64.0115 9.5
-72 -83.5 -68 -71 -65.3126 -63.3793 9.5
-74.5 -84.5 -71 -76.5 -67.2046 -64.0161 9.5
-75 -85.5 -71 -75.5 -64.4414 -62.4184 9.5
-72 -83 -68 -70 -67.5609 -63.977 9.5
-72.5 -84.5 -70 -73 -67.0069 -63.8276 9.5
-74.5 -85 -70 -76 -67.3126 -64.223 9.5
-85.9333 -73.0667 -71.2 -59.4 -80.6708 -64.2375 10.1
-86.6 -72.8 -72.0667 -59.7333 -80.7 -65.6458 10.1
-86.7333 -71.4 -71.9333 -59 -81.125 -65.5833 10.1
-86.6 -73.6667 -72.0667 -56.3333 -81.8167 -64.275 10.1
-86.6667 -71.7333 -72.0667 -55.3333 -80.5125 -63.0417 10.1
-85.6 -73.3333 -67.4 -60 -80.2 -63.1167 10.1
-85.6 -74.8 -68.3333 -60.4 -80.2667 -63.5167 10.1
-85.4 -72.6 -68.3333 -61 -79.9 -63.4833 10.1
-86 -75.2 -68.3333 -56.8 -79.7208 -59.5833 10.1
-85.6 -72.2 -68.3333 -54 -80.1667 -60.1083 10.1
-76.8333 -75 -73 -66.8333 -64.5923 -55.2811 10.2
-78 -74.6667 -73.3333 -67 -65.2543 -56.1803 10.2
-76.5 -73.6667 -72 -65.8333 -65.7618 -56.2414 10.2
-76.8333 -74.1667 -72.6667 -66.5 -65.765 -56.2779 10.2
-77.1667 -75 -73.3333 -66.5 -64.1062 -54.8777 10.2
-77.3333 -74.3333 -72.6667 -66.1667 -64.6019 -55.8798 10.2
-76 -73.6667 -71.3333 -65.5 -64.8079 -55.2715 10.2
-76.8333 -74.6667 -72.1667 -66 -64.7039 -54.9785 10.2
-76.6667 -73.1667 -71.6667 -65.3333 -62.0011 -53.7908 10.2
-75.5 -72.3333 -71.1667 -64.6667 -63.0526 -54.4742 10.2
-73.8182 -75 -70.0909 -64 -72.7298 -68.2878 10.3
-73.9091 -75 -69.3636 -64.0909 -72.0605 -68.1102 10.3
-71.0909 -74.8182 -67 -61.8182 -70.4088 -65.9063 10.3
-72.2727 -73.7273 -67.9091 -63.3636 -73.121 -67.9678 10.3
-71.6364 -73.6364 -67.6364 -62.9091 -72.9434 -67.7249 10.3
-74.3636 -75.9091 -69.6364 -65.0909 -72.6351 -67.5659 10.3
-75.0909 -76.2727 -69.3636 -64.9091 -71.9015 -66.921 10.3
-74.7273 -75.7273 -69.5455 -64.5455 -72.9463 -67.6566 10.3
-72.6364 -73.2727 -66.3636 -61.6364 -72.9298 -67.4976 10.3
-73.5455 -75 -69.1818 -64.1818 -71.3824 -66.4293 10.3
-78.5 -82 -56.25 -68 -72.2516 -61.4519 10.4
-78.5 -81.5 -56.25 -67 -72.0385 -61.1426 10.4
-76.75 -83.75 -53.75 -65 -72.3638 -60.4279 10.4
-80.25 -81.75 -56 -67.5 -69.8462 -60.5064 10.4
-79.25 -83 -56 -67 -71.3189 -59.5705 10.4
-77.25 -84.25 -53.5 -66.5 -70.1603 -60.6298 10.4
-79.75 -84.5 -57.5 -68.75 -70.1731 -59.5817 10.4
-79.25 -84 -56.5 -68 -72.4263 -60.2804 10.4
-79.25 -84.25 -56.75 -68 -72.2869 -59.774 10.4
-79.25 -84 -57.25 -68 -69.4151 -59.5481 10.4
-81.3333 -82.3333 -48 -80.3333 -68.5049 -60.1432 10.5
-77.6667 -82.3333 -45 -76.3333 -68.3204 -60.2233 10.5
-78.3333 -84.3333 -43.3333 -75.6667 -67.7427 -60.4053 10.5
-76 -80.6667 -43.6667 -77.3333 -66.6335 -60.8083 10.5
-81.3333 -82 -48 -81.3333 -67.6748 -60.6044 10.5
-80.3333 -81.6667 -47.3333 -80 -67.3568 -58.7985 10.5
-77.6667 -80.6667 -44.6667 -77 -66.9563 -59.7549 10.5
-76 -80 -43 -75.3333 -68 -61.3398 10.5
-77.6667 -83 -45.3333 -78.3333 -67.5947 -60.449 10.5
-76 -81.6667 -44.3333 -77 -66.4053 -57.9951 10.5
