-46.7119 -74.1356 -77.7203 -86.0424 -68.2755 -72.5845 1.1
-46.2542 -73.9831 -77.0593 -83.9322 -69.5251 -72.7656 1.1
-46.3305 -74.1017 -77.3475 -83.8814 -66.4262 -72.7473 1.1
-46.6441 -74.1441 -77.161 -83.7203 -69.9817 -72.7291 1.1
-46.5678 -74.1864 -77.1441 -84.1186 -68.3044 -71.446 1.1
-46.2542 -74.4153 -77.7288 -84.6017 -67.9635 -73.105 1.1
-45.8559 -73.9237 -76.7797 -83.4068 -68.0472 -75.5236 1.1
-46.1186 -74.2288 -77.1017 -83.7034 -67.6043 -72.2648 1.1
-46.9237 -73.9576 -77.1271 -84.2542 -67.4003 -71.1933 1.1
-46.3644 -73.6695 -76.9068 -84.2288 -69.376 -72.5967 1.1
-52.2 -52.5412 -78.2588 -88.7294 -56.1298 -63.0149 1.2
-52.5529 -53.2235 -78.3765 -90.0706 -56.2383 -61.7319 1.2
-51.8706 -53.4353 -78.0235 -89.2235 -56.083 -62.0362 1.2
-51.7765 -52.2588 -77.6 -89.9176 -55.7362 -61.5915 1.2
-51.2824 -52.5765 -78.1529 -88.8941 -55.5638 -61.9553 1.2
-51.3294 -53.0824 -78.6588 -89.3765 -55.9596 -62.0957 1.2
-51.6941 -52.9647 -78.2118 -88.7294 -55.7894 -61.8404 1.2
-52.3647 -53.0706 -78.2353 -89.3529 -56.0021 -61.7723 1.2
-52.4706 -52.7882 -78.3882 -89.3529 -55.817 -61.6681 1.2
-51.8 -52.7294 -78.2471 -89.5529 -57.0851 -62.2532 1.2
-62.8125 -61.9688 -85.5234 -83.8281 -64.8673 -68.6294 1.3
-61.2812 -62.125 -83.9062 -82.4375 -67.4436 -70.6045 1.3
-61.3281 -62.1562 -84.3906 -83.0781 -69.5398 -70.7919 1.3
-61.9453 -62.1328 -85.4141 -83.2109 -69.5746 -70.2123 1.3
-63.3125 -62.7891 -86.8594 -83.7266 -70.7355 -70.2371 1.3
-62.3203 -61.9922 -85.1406 -83.4453 -69.942 -70.2172 1.3
-62.3359 -61.6406 -84.5547 -85.5938 -70.1907 -70.5323 1.3
-61.9141 -61.7188 -85.3906 -85.7422 -70.4055 -70.7794 1.3
-62.2891 -61.9844 -85.4688 -85.3516 -70.8375 -70.6111 1.3
-62.125 -61.5078 -85.2656 -85.6953 -70.67 -70.1957 1.3
-63.7209 -45.4571 -71.8834 -76.6104 -64.5035 -76.5185 1.4
-63.8436 -45.4018 -72.7025 -77.0951 -64.5013 -77.4181 1.4
-64.2393 -45.7239 -72.3712 -76.816 -64.453 -78.5341 1.4
-65.0123 -46.3006 -72.8742 -77.2393 -64.1943 -78.088 1.4
-64.5767 -46.816 -72.7239 -77.6104 -65.5486 -77.5845 1.4
-63.9172 -45.7117 -72.3558 -77.2546 -66.5486 -77.0896 1.4
-63.9755 -45.3712 -72.7454 -77.135 -67.3714 -75.2276 1.4
-63.8282 -45.6166 -72.5399 -77.1503 -68.2641 -75.2399 1.4
-65.3773 -46.4847 -73.3129 -77.6288 -67.6044 -75.3205 1.4
-63.9202 -45.6718 -72.3896 -77.3037 -67.0059 -75.1331 1.4
-61.4333 -54.2111 -86.0778 -79.0889 -75.6136 -66.9566 1.5
-62.8778 -55.3222 -86.4778 -79.5111 -79.1489 -64.6911 1.5
-62.9 -54.6111 -85.7222 -79.8556 -78.6911 -64.6877 1.5
-62.3333 -54.6 -86.1111 -79.5556 -78.9932 -64.8213 1.5
-62.7222 -56.7111 -86.7 -79.9222 -79.0774 -64.7268 1.5
-63.4333 -56.7333 -85.7444 -80.9444 -78.8017 -64.6221 1.5
-62.7444 -55.5778 -86.4778 -80.2333 -78.3898 -65.1047 1.5
-63.2111 -54.6444 -86.1111 -79.7 -79.1294 -66.0085 1.5
-62.5444 -54.6333 -86.1222 -79.5444 -79.1047 -65.326 1.5
-62.2444 -55 -85.9111 -79.6222 -79.1166 -64.8443 1.5
-56.4727 -67.9196 -76.2219 -84.4791 -64.3724 -71.7057 2.1
-56.8392 -67.8489 -76.2605 -84.2894 -63.2188 -69.9948 2.1
-56.5949 -67.6785 -75.7363 -84.2958 -64.3698 -70.8581 2.1
-56.8875 -67.7653 -76.492 -84.5949 -63.8984 -71.9531 2.1
-57.0868 -68.8199 -76.5048 -84.5434 -66.6784 -72.1875 2.1
-56.6752 -68.7621 -76.1158 -84.5209 -65.2135 -72.2487 2.1
-56.8939 -68.2669 -76.3633 -84.5531 -64.8529 -71.6458 2.1
-57.3248 -68.7331 -76.7524 -84.582 -64.1315 -70.6315 2.1
-56.7106 -68.1736 -76.1608 -84.2315 -65.9583 -72.1458 2.1
-57.1254 -68.2026 -76.4534 -84.6688 -65.263 -71.918 2.1
-59.8431 -75.8824 -73.4706 -83.7843 -64.7046 -66.2398 2.2
-59.6471 -71.9608 -73.098 -84.2353 -64.6222 -66.1769 2.2
-59.7451 -71.1569 -72.8627 -83.2353 -64.1833 -66.3102 2.2
-59.2353 -76.0392 -73.3725 -84.2549 -64.2333 -66.1324 2.2
-58.6667 -78.2941 -74.9412 -85.8431 -64.713 -66.3574 2.2
-57.6275 -77.0784 -74.7843 -85.4902 -64.3926 -66.3167 2.2
-58.8235 -78.5686 -75.5882 -86.1176 -64.8824 -67.5296 2.2
-58.3333 -77.3137 -75.0196 -85.902 -64.8722 -69.9528 2.2
-58.2745 -72.8824 -74.8824 -85.5882 -63.9926 -69.5944 2.2
-58.2157 -73.0784 -74.549 -86.0784 -63.4833 -68.1556 2.2
-58.8333 -57.5 -76.53 -89.1667 -63.0854 -65.6915 2.3
-59.6667 -57.6667 -76.53 -91.6667 -62.2534 -65.9986 2.3
-58.5 -57.8333 -76.53 -91.8333 -62.8871 -66.8237 2.3
-57.3333 -56.6667 -76.53 -90.6667 -63.1791 -67.0785 2.3
-61.5 -57.5 -76.53 -92.1667 -64.6488 -67.3251 2.3
-59.8333 -56.5 -76.53 -92 -64.7094 -68.9063 2.3
-60.8333 -57.6667 -76.53 -90.6667 -63.7989 -67.8857 2.3
-58.5 -57.3333 -76.53 -93.5 -62.9394 -65.1887 2.3
-59 -58 -76.53 -93.1667 -62.2948 -67.1088 2.3
-58.6667 -59.1667 -76.53 -93.3333 -64.1928 -68.1309 2.3
-70.8 -65.4 -82.92 -79 -63.6421 -63.6237 2.4
-68.2 -65 -82.92 -79 -63.2842 -64.5737 2.4
-67.6 -64.8 -82.92 -78.6 -63.7132 -64.1316 2.4
-71 -65 -82.92 -79.6 -63.5421 -64.35 2.4
-69 -68.8 -82.92 -80.2 -62.8289 -63.7211 2.4
-69.4 -64 -82.92 -77.2 -63.2474 -63.7158 2.4
-69.4 -66.6 -82.92 -78.2 -63.3053 -63.4737 2.4
-66.4 -67.2 -82.92 -79 -62.95 -63.1789 2.4
-70.2 -65.4 -82.92 -79.2 -62.0632 -63.1763 2.4
-69.8 -65.6 -82.92 -78.2 -62.1342 -62.4974 2.4
-65.5 -57.5 -81.15 -76 -64.2259 -65.0314 2.5
-65.5 -56 -81.15 -75.5 -64.9298 -65.1016 2.5
-67 -58 -81.15 -77 -65.7295 -65.443 2.5
-66 -54 -81.15 -76 -64.7171 -64.9444 2.5
-65.5 -57 -81.15 -77 -64.2156 -64.8648 2.5
-63 -54.5 -81.15 -75.5 -65.5804 -66.3947 2.5
-65 -57.5 -81.15 -75.5 -74.8816 -79.3443 2.5
-70.5 -55 -81.15 -74.5 -72.8918 -75.8348 2.5
-66 -59 -81.15 -74 -64.0775 -66.1133 2.5
-65 -56.5 -81.15 -79.5 -63.799 -65.5424 2.5
-69.6667 -71 -78.03 -76.3333 -70.061 -62.6973 3.1
-73 -68.3333 -78.03 -86.3333 -68.8632 -62.222 3.1
-72 -69.3333 -78.03 -85 -68.4835 -62.3797 3.1
-73 -68.6667 -78.03 -85.6667 -69.9077 -62.3544 3.1
-74.3333 -68.3333 -78.03 -86.3333 -69.4313 -62.544 3.1
-73 -67 -78.03 -85.6667 -71.5725 -64.3165 3.1
-71 -67.3333 -78.03 -86 -78.061 -65.5093 3.1
-72 -66.3333 -78.03 -83.6667 -77.5412 -64.2049 3.1
-72.3333 -66.6667 -78.03 -85.3333 -79.239 -64.2484 3.1
-72.3333 -66.6667 -78.03 -85 -79.839 -64.3769 3.1
-65 -64 -76.2 -82 -57.3769 -65.4399 3.2
-62 -64 -76.2 -85 -58.2768 -64.3652 3.2
-60 -65 -76.2 -85 -58.9929 -64.9688 3.2
-57 -66 -76.2 -78 -59.3658 -64.9259 3.2
-58 -61 -76.2 -81 -58.2846 -65.6855 3.2
-58 -65 -76.2 -79 -60.8986 -65.2047 3.2
-57 -65 -76.2 -80 -64.5354 -66.3171 3.2
-57 -66 -76.2 -82 -63.8934 -65.3671 3.2
-58 -65 -76.2 -80 -62.258 -64.3444 3.2
-58 -65 -76.2 -81 -59.9246 -63.3613 3.2
-67 -55 -78.32 -85 -51.9154 -85.0868 3.3
-72 -58 -78.32 -88 -52.4859 -86.2532 3.3
-69 -53 -78.32 -88 -51.5511 -83.5837 3.3
-71 -57 -78.32 -89 -51.1459 -82.88 3.3
-71 -58 -78.32 -88 -51.5086 -83.8878 3.3
-67 -55 -78.32 -87 -48.9127 -84.5257 3.3
-71 -58 -78.32 -86 -50.272 -83.6788 3.3
-69 -55 -78.32 -86 -48.7009 -83.2421 3.3
-72 -58 -78.32 -87 -48.6429 -82.8756 3.3
-71 -58 -78.32 -84 -48.6871 -82.8922 3.3
-69 -64.6667 -72.9 -82.6667 -55.0024 -69.8801 3.4
-69 -63.6667 -72.9 -80.6667 -55.2701 -69.5164 3.4
-68 -59.6667 -72.9 -79.3333 -55.4872 -67.6082 3.4
-67.3333 -69 -72.9 -81 -56.2522 -69.4711 3.4
-70.6667 -63 -72.9 -80 -56.2099 -69.6929 3.4
-67 -62.3333 -72.9 -78 -56.2433 -70.0435 3.4
-69.3333 -64 -72.9 -81 -56.1777 -70.6595 3.4
-67.3333 -61.6667 -72.9 -78.6667 -57.6875 -71.511 3.4
-66.3333 -62.6667 -72.9 -79.3333 -57.0119 -70.3637 3.4
-66.6667 -65 -72.9 -80.6667 -55.8032 -70.5069 3.4
-69.25 -67.25 -78.8 -82.5 -67.5119 -66.1785 3.5
-68.25 -64.25 -78.2 -82.5 -71.5776 -65.3333 3.5
-69.35 -69.25 -78.67 -82.4 -68.4016 -65.3639 3.5
-69.25 -70.25 -77.8 -82.522 -67.9633 -65.9922 3.5
-72.25 -64.25 -77.8 -82.5 -67.7489 -65.5262 3.5
-69.25 -67.25 -78.8 -82.5 -67.6478 -65.5922 3.5
-68.25 -64.25 -78.2 -82.5 -68.2338 -65.5291 3.5
-69.35 -69.25 -78.67 -82.4 -67.8231 -65.5954 3.5
-69.25 -70.25 -77.8 -82.522 -67.3089 -65.3691 3.5
-72.25 -64.25 -77.8 -82.5 -67.562 -65.3873 3.5
-79.9779 -71.1912 -75.1029 -81.8088 -58.3487 -68.4913 4.1
-78.1324 -72.75 -75.1324 -81.8529 -57.9192 -68.3803 4.1
-76.3971 -71 -74 -79.3971 -57.6236 -68.9271 4.1
-75.875 -71.1324 -74 -79.6029 -57.9596 -68.7797 4.1
-76.4118 -71.5882 -74.7353 -80.0882 -57.5325 -68.1965 4.1
-77.8676 -71.0515 -73.6618 -80.1912 -55.767 -67.8487 4.1
-75.9044 -72.1176 -74.3676 -81.1912 -57.378 -67.2702 4.1
-77.9118 -72.8603 -74.7647 -81.7353 -57.855 -69.6878 4.1
-78.1471 -72.9412 -74.5735 -81.8529 -58.4612 -69.9025 4.1
-78.5147 -73.4265 -75.7574 -82.4485 -58.7544 -70.2155 4.1
-67.4444 -67.5556 -74.0556 -79.8889 -57.8845 -63.7386 4.2
-67.6667 -66.6667 -73.7222 -79.4444 -59.2527 -65.3203 4.2
-71.4444 -63.3889 -73.9444 -78.7778 -58.7004 -64.5185 4.2
-69.5556 -62.1667 -73.8333 -75.8333 -58.6024 -64.9651 4.2
-69.0556 -62 -73.6111 -74.9444 -58.0109 -62.9662 4.2
-69.3889 -63.5 -73.6111 -76.1667 -55.1264 -61.9793 4.2
-68.1667 -63 -73.1667 -76.7778 -58.9096 -63.4346 4.2
-68.2222 -63.0556 -73.9444 -76.3889 -60.0109 -65.8834 4.2
-68.3889 -65.2778 -74.2222 -76.7778 -59.4542 -65.354 4.2
-71.3889 -62.8889 -75.2778 -79.8333 -58.9815 -64.829 4.2
-79 -70.5 -88.5 -88 -29.398 -64.0363 4.3
-83 -71 -85.5 -87 -29.6369 -64.2947 4.3
-80 -71.5 -88 -83.5 -29.0279 -63.4595 4.3
-76.5 -70.5 -88 -83 -28.7961 -62.9707 4.3
-77 -73 -85 -85.5 -29.6173 -63.4134 4.3
-78 -70.5 -87.5 -86.5 -29.405 -63.9497 4.3
-78 -72.5 -84.5 -87.5 -28.912 -63.6718 4.3
-76.5 -71.5 -87 -85 -28.6006 -63.1634 4.3
-76.5 -71 -81.5 -83.5 -29.4553 -63.8939 4.3
-77.5 -69.5 -87 -84.5 -29.2207 -64.0349 4.3
-66.5 -63 -81 -79.75 -52.419 -65.523 4.4
-66.25 -62.25 -81.5 -80.5 -51.3764 -64.7681 4.4
-69 -63.25 -82 -81.75 -51.7549 -64.7987 4.4
-69.5 -64 -83 -82 -50.8709 -64.7921 4.4
-69.75 -64.75 -83 -82.5 -52.0088 -64.4672 4.4
-71.5 -63.5 -83.5 -80.75 -51.384 -66.163 4.4
-70.25 -63.5 -81.5 -81.25 -51.407 -64.8851 4.4
-65 -61.75 -79.75 -80.25 -53.279 -66.4497 4.4
-63 -60.5 -79.75 -78 -52.6783 -66.5536 4.4
-63.25 -60.5 -79.25 -79 -53.07 -66.5514 4.4
-67.8333 -65.8333 -79.3333 -91.3333 -66.5227 -66.025 4.5
-70 -67 -77 -94 -65.5438 -66.2055 4.5
-66.8333 -63.5 -79.1667 -92.6667 -64.0305 -64.6781 4.5
-67 -62.1667 -77.5 -92.3333 -63.8023 -64.4289 4.5
-69 -64.6667 -80 -94 -64.4508 -64.068 4.5
-69.5 -62.6667 -78.5 -92.6667 -64.1977 -65.2766 4.5
-67.6667 -65 -76.8333 -89.1667 -65.8438 -66.0273 4.5
-66.6667 -62.1667 -78.3333 -93 -64.9422 -65.3477 4.5
-67.3333 -63 -76.8333 -91.3333 -65.4758 -66.4453 4.5
-66.6667 -62.3333 -77.3333 -91.8333 -65.8719 -66 4.5
-69.2857 -65.1429 -77.1429 -83.1429 -61.3226 -62.8253 5.1
-68.5714 -65.2857 -76.7143 -81.8571 -60.9919 -62.7661 5.1
-66.1429 -64.4286 -76 -80 -65.1532 -65.7581 5.1
-65.1429 -62.4286 -75.2857 -78.5714 -65.3978 -65.957 5.1
-65.7143 -63 -76.1429 -81.1429 -64.1048 -66.0645 5.1
-65 -61.4286 -75 -79.2857 -62.7285 -64.9032 5.1
-65 -62.8571 -75.4286 -80.8571 -61.2661 -64.6909 5.1
-65.1429 -62 -75.5714 -79.8571 -61.8011 -64.7366 5.1
-71 -66.1429 -79.1429 -82.8571 -62.9624 -65.0403 5.1
-68.8571 -63.1429 -75.2857 -79.4286 -62.0457 -64.4489 5.1
-68.8889 -76.6667 -74.7778 -82 -55.3273 -76.0455 5.2
-68 -76.8889 -74.8889 -82 -55.0364 -74.1364 5.2
-68.1111 -76.4444 -75 -82.3333 -57.5545 -74.9591 5.2
-70 -75.4444 -74 -81.5556 -59.7955 -76.2409 5.2
-67.5556 -76 -72.3333 -80.8889 -56.4182 -75.7682 5.2
-68.4444 -76.6667 -73.3333 -82.3333 -57.5636 -73.9273 5.2
-68.2222 -76.3333 -73 -82.4444 -56.6455 -74.2045 5.2
-67.3333 -76.3333 -72.1111 -82.1111 -56.0364 -73.95 5.2
-68.5556 -75.8889 -72.4444 -81.6667 -58.2727 -74.4545 5.2
-69.4444 -76.7778 -74.6667 -82.6667 -54.6909 -74.2091 5.2
-67.1429 -70.4286 -76.2857 -79.5714 -51.5961 -65.4067 5.3
-67 -71 -75.2857 -79.8571 -52.7911 -66.6992 5.3
-68 -71 -75.5714 -81.5714 -52.2451 -65.4206 5.3
-67.8571 -70.8571 -75.7143 -80.7143 -52.2396 -66.4429 5.3
-66.8571 -69.8571 -75.5714 -80.5714 -48.8217 -65.727 5.3
-68.2857 -70.2857 -75.8571 -81.2857 -51.9526 -65.1532 5.3
-68.5714 -73.1429 -75.8571 -82.1429 -50.2646 -63.4485 5.3
-66.8571 -70.8571 -75 -82 -49.624 -62.9387 5.3
-64.8571 -68.5714 -72.8571 -80.4286 -50.9972 -63.8914 5.3
-67 -70.2857 -74.2857 -81.8571 -52.2591 -65.6351 5.3
-73.6444 -68.6444 -75.2222 -86.1556 -52.1649 -67.2321 5.4
-74.2 -68.8 -75.4444 -87.0889 -51.5315 -66.4078 5.4
-74.2667 -69.4222 -76.1556 -86.8 -53.6725 -68.7614 5.4
-74.4667 -69.7333 -76.2444 -87.0222 -53.5119 -68.2907 5.4
-73.2 -68.1333 -74.6222 -85.7778 -52.4707 -67.8308 5.4
-71.9778 -66.4222 -73.6222 -83.7778 -52.1193 -66 5.4
-72 -66.8 -73.1778 -84.1556 -55.0499 -69.6898 5.4
-72.7333 -66.2 -72.8667 -85.2222 -53.7137 -68.6052 5.4
-71.7333 -66.0222 -73.5556 -84.3556 -52.3839 -66.3492 5.4
-72.7778 -67.5778 -74.4444 -85.2222 -53.4707 -67.2126 5.4
-62.75 -65.25 -83.25 -90.75 -58.065 -69.8972 5.5
-62.55 -64.25 -83.25 -91.75 -57.1087 -67.9232 5.5
-64.75 -65.65 -83.35 -90.35 -56.4456 -67.4173 5.5
-61.75 -65.253 -84.25 -90.15 -57.935 -66.8097 5.5
-63.75 -65.25 -83.25 -92.75 -57.922 -66.9409 5.5
-62.75 -65.25 -83.25 -90.75 -58.1371 -67.8132 5.5
-62.55 -64.25 -83.25 -91.75 -57.3913 -67.5603 5.5
-64.75 -65.65 -83.35 -90.35 -57.6998 -66.8664 5.5
-61.75 -65.253 -84.25 -90.15 -57.4137 -67.4066 5.5
-63.75 -65.25 -83.25 -92.75 -57.1123 -67.5898 5.5
-73.1613 -70.4194 -77 -81.8065 -66.2469 -64.1481 6.1
-73.5484 -70.3871 -76.8387 -82.7097 -68.5309 -65.8601 6.1
-75.871 -72.3548 -77.7097 -85.4194 -65.5679 -63.716 6.1
-75.0968 -71.7742 -77.0645 -85.0323 -64.2469 -64.7613 6.1
-73.9677 -70.6452 -76.6129 -83.5806 -67.0823 -65.4691 6.1
-72 -68.2258 -76.7097 -80.9355 -67.7078 -64.5432 6.1
-72.5806 -68.9677 -76.7742 -82.4194 -61.3498 -64.5144 6.1
-73.5484 -69.871 -76.7742 -82.7419 -62.4444 -64.4897 6.1
-73.1613 -69.7419 -76.7742 -82.7097 -64.6091 -65.4239 6.1
-73.0645 -69.8065 -77 -82.7742 -64.4856 -62.856 6.1
-63.2143 -63.3571 -79.8571 -78.7857 -57.6558 -62.5442 6.2
-57.9286 -62.0714 -79.3571 -79.7143 -57.2717 -62.4453 6.2
-57 -61.3571 -78.0714 -79.4286 -58.514 -62.9192 6.2
-58.3571 -62.2857 -78.5714 -80.8571 -57.7992 -62.403 6.2
-58.8571 -63.4286 -79.2857 -81.7143 -58.1675 -62.0747 6.2
-60.6429 -64.5 -79.2857 -82.7143 -57.7208 -61.5857 6.2
-60 -65.0714 -79 -82.7857 -58.1192 -61.9902 6.2
-58.7857 -63.1429 -79.2143 -81.5714 -57.9751 -61.877 6.2
-59.2143 -63.8571 -79.6429 -81.7857 -59.2619 -62.6868 6.2
-59.2143 -63.6429 -79.2857 -82.6429 -59.7811 -62.8868 6.2
-55.6667 -62.3889 -82.5556 -82.6111 -66.1162 -57.7178 6.3
-57.2778 -63.7222 -83.2778 -83.7778 -65.2884 -57.3382 6.3
-57.1111 -64.1111 -84 -85.8333 -65.4315 -57.3257 6.3
-55.9444 -63.2778 -82.7222 -84.2778 -65.2614 -58.749 6.3
-56.9444 -64.4444 -83.8333 -85.4444 -65.6452 -56.8983 6.3
-55.7222 -62.9444 -83.5556 -83.3333 -65.3485 -56.1494 6.3
-56.2222 -63.7222 -83.2222 -84.3889 -64.3672 -56.2759 6.3
-56 -63.3889 -82.5556 -83.8889 -65.4253 -56.0996 6.3
-59.5556 -64 -83.3889 -84.8333 -65.3631 -57.168 6.3
-56.6667 -63.2222 -82.1667 -84.4444 -64.9336 -56.4979 6.3
-60.75 -62.125 -74.125 -90 -64.2506 -58.0398 6.4
-61 -62.5 -74.25 -91 -65.3024 -58.0048 6.4
-61 -61.75 -75 -90.875 -66.2157 -57.6145 6.4
-60.5 -62.125 -74 -91.5 -66.4193 -59.212 6.4
-60.875 -62.125 -74.75 -92.75 -65.7289 -57.9313 6.4
-61 -62.25 -74.25 -91.125 -70.4699 -58.8687 6.4
-61 -62.75 -76.125 -90.625 -65.0386 -58.8699 6.4
-61.625 -62.25 -74.125 -89.625 -66.9108 -58.4807 6.4
-60.875 -62 -75 -90.375 -66.8807 -57.9313 6.4
-60.875 -62.125 -74.375 -89.75 -66.6627 -56.9904 6.4
-63.5 -73.5 -70.8333 -83 -60.9243 -70.5811 6.5
-63.6667 -73.5 -70.8333 -83.8333 -62.1919 -70.8514 6.5
-60.8333 -72.5 -67.8333 -81.8333 -60.1081 -71.3135 6.5
-63.3333 -72.8333 -70 -82.6667 -60.7324 -71.3027 6.5
-64 -73.8333 -71.6667 -83.1667 -61.6243 -70.4486 6.5
-62.3333 -72 -68.8333 -83.5 -58.8459 -68.5892 6.5
-62.5 -74.5 -68.3333 -82.5 -60.0054 -69.973 6.5
-67.5 -72.3333 -71.3333 -82.5 -60.4054 -70.1189 6.5
-63.8333 -72.6667 -71.3333 -83.1667 -60.3486 -71.2378 6.5
-65 -73 -72.3333 -83.6667 -59.4297 -69.9216 6.5
-81.1667 -73.6667 -79.6667 -79 -66.5725 -64.0462 7.1
-78.1667 -73 -78.8333 -78.8333 -66.3436 -63.8757 7.1
-78.5 -73.5 -79.3333 -80.1667 -66.2979 -64.9501 7.1
-77.1667 -73.6667 -78.5 -78.5 -66.5682 -64.0621 7.1
-77.3333 -73.8333 -79.3333 -79 -67.2767 -63.5162 7.1
-77.6667 -72.5 -77 -77.3333 -68.9809 -62.9517 7.1
-79.6667 -70.3333 -77.6667 -77.5 -69.1221 -64.2215 7.1
-79.5 -69.8333 -76.8333 -77.8333 -69.2257 -64.2018 7.1
-82.3333 -72.5 -79 -80.6667 -69.3165 -63.8555 7.1
-79.1667 -69 -75.8333 -75.3333 -68.7743 -63.803 7.1
-81 -68.6667 -75.8889 -75.1111 -73.2057 -60.3633 7.2
-83.4444 -71.5556 -78 -78.6667 -74.1047 -59.25 7.2
-82.2222 -71.1111 -77.5556 -79 -72.3596 -58.6761 7.2
-81 -68.7778 -76.1111 -74 -72.069 -58.6872 7.2
-81.8889 -71.4444 -76.6667 -77.3333 -73.6355 -60.5333 7.2
-83.3333 -72.2222 -78.2222 -78.4444 -74.8645 -62.2956 7.2
-81.7778 -69.6667 -76.2222 -76.8889 -74.3498 -61.4384 7.2
-83.1111 -71.3333 -77.2222 -77.3333 -74.8153 -60.968 7.2
-83.2222 -72.1111 -77.6667 -78.1111 -75.7377 -60.2919 7.2
-83.5556 -71.4444 -77.7778 -78.1111 -73.67 -61.0406 7.2
-78 -73.5 -71 -82.5 -78.3839 -49.0332 7.3
-80.5 -74 -72 -81 -78.0569 -50.1398 7.3
-81 -75 -72.5 -81.5 -78.1564 -50.3483 7.3
-74 -73 -67 -76.5 -78.8081 -49.7607 7.3
-75 -73.5 -67.5 -74 -78.0261 -49.7251 7.3
-76 -75 -69.5 -78 -78.282 -47.41 7.3
-75.5 -71.5 -69 -77.5 -76.0142 -48 7.3
-76 -73.5 -69 -80 -80.2441 -50.0095 7.3
-78.5 -73.5 -71 -79.5 -78.955 -50.1991 7.3
-78.5 -73.5 -71 -80.5 -79.3033 -49.8602 7.3
-74.5333 -76.1333 -76 -81.2 -62.825 -62.6759 7.4
-78.3333 -75.8667 -76 -82 -61.7796 -62.2723 7.4
-73.6667 -75.6 -75.5333 -80.8667 -60.3258 -62.3404 7.4
-71.4667 -73.6 -73.0667 -78.5333 -61.4133 -62.7942 7.4
-71 -74.4 -72.6667 -78.2 -62.8784 -62.765 7.4
-71.3333 -74 -72.6667 -78.0667 -64.188 -62.7666 7.4
-71.2 -74 -73 -79.8667 -65 -62.7634 7.4
-72.3333 -74.6 -74.7333 -79.4667 -65.1264 -61.1718 7.4
-73.6 -75.6667 -75.9333 -81 -64.1459 -62.5057 7.4
-71.2 -73.8667 -72.6667 -78.5333 -63.5397 -61.9838 7.4
-73.0769 -67.7692 -69.4615 -84.8462 -65.9574 -55.4581 7.5
-73.3077 -68.3077 -70.6923 -85.4615 -65.8781 -55.5374 7.5
-72.8462 -66.6154 -69 -85.2308 -64.3465 -54.768 7.5
-74.0769 -68.3077 -70.3846 -86.1538 -65.9662 -54.254 7.5
-73.7692 -69.2308 -71.4615 -86.5385 -65.2761 -55.3201 7.5
-72.3077 -66.6154 -68.3077 -85 -66.1557 -56.467 7.5
-74.1538 -68.8462 -70.8462 -85.6154 -64.7416 -55.21 7.5
-72.2308 -66 -68.4615 -85.9231 -65.9648 -55.9442 7.5
-73.5385 -68.6923 -70.5385 -86 -64.5918 -55.9618 7.5
-74.3846 -67.4615 -70.3846 -85.8462 -64.5037 -54.2628 7.5
-83 -69 -77 -73.3333 -69.1543 -63.5344 8.1
-81 -68.3333 -75 -71.6667 -68.4848 -63.3444 8.1
-80.3333 -66 -73.3333 -70.3333 -71.2149 -65.124 8.1
-79.3333 -66 -73.3333 -70 -70.0275 -64.4242 8.1
-78.6667 -65.6667 -73.3333 -69.6667 -70.314 -64.4518 8.1
-79.3333 -66.6667 -73 -71 -70.5813 -64.8705 8.1
-80 -67 -75.6667 -72 -69.1708 -63.7135 8.1
-83.3333 -69.6667 -78.3333 -74 -71.1846 -64.4766 8.1
-79 -67.3333 -73 -69.6667 -71.0055 -64.1736 8.1
-80 -68.3333 -75.6667 -70.6667 -70.0028 -64.1873 8.1
-72.4 -74.4 -75 -84.8 -63.6918 -61.331 8.2
-70 -70.2 -72.4 -83.6 -63.4045 -60.1717 8.2
-72.8 -70.6 -73.6 -83.6 -63.5972 -60.6624 8.2
-77 -70.6 -72.4 -85.4 -64.0125 -60.5624 8.2
-70.2 -73.4 -73.2 -86 -62.554 -59.533 8.2
-69 -74 -74.8 -85.6 -63.1548 -60.3707 8.2
-67.6 -73.4 -74.6 -84.6 -61.7136 -56.219 8.2
-67.4 -73.4 -74.4 -84.6 -62.657 -58.1218 8.2
-67.4 -73.4 -73.8 -83.6 -62.3336 -58.2444 8.2
-69.4 -73.8 -75 -86 -63.475 -58.694 8.2
-65.2857 -66.1429 -72.2857 -82.2857 -61.1349 -43.3205 8.3
-66.7143 -68.1429 -72.2857 -86.2857 -61.0048 -42.9687 8.3
-71.1429 -68.7143 -73.5714 -85.8571 -64.2169 -43.3301 8.3
-65.8571 -65.7143 -71.7143 -83.5714 -63.1373 -42.7976 8.3
-65.8571 -66.2857 -72 -83.4286 -63 -42.8627 8.3
-69.5714 -69 -74.2857 -86.8571 -63.294 -42.959 8.3
-67.4286 -67 -72.5714 -84.1429 -62.4241 -42.0843 8.3
-70 -68.5714 -73.5714 -87.1429 -61.7952 -41.7831 8.3
-70 -68.4286 -73.5714 -86.7143 -63.506 -42.5783 8.3
-68 -67.8571 -72.5714 -85.1429 -63.294 -42.8602 8.3
-63.5 -75.2 -70.65 -70.85 -66.7285 -52.0706 8.4
-63.7 -75.8 -70.55 -71.2 -65.5539 -52.1878 8.4
-64.45 -76.35 -72 -71.6 -65.7293 -52.0953 8.4
-62.3 -76.6 -70.2 -69.55 -65.0357 -52.5335 8.4
-63.6 -76.8 -70.4 -70.55 -65.7096 -53.1587 8.4
-64.7 -76.9 -72.35 -71.4 -67.0917 -53.6594 8.4
-65.35 -77.1 -73.1 -72.3 -66.69 -53.8988 8.4
-65.35 -76.8 -73.1 -72.15 -64.9243 -52.7918 8.4
-65.1 -76.55 -73.1 -72.35 -65.4978 -53.2555 8.4
-65.4 -77.05 -73.25 -72.15 -67.2598 -54.3173 8.4
-64 -70 -74.2 -80.8 -65.8251 -64.4158 8.5
-63.2 -70.2 -74 -80.4 -65.9802 -64.2541 8.5
-68 -71.2 -74.6 -81.4 -65.4719 -63.5941 8.5
-66.2 -71.4 -74.6 -81.2 -67.5611 -63.5611 8.5
-64.2 -68 -72.2 -79.4 -64.0792 -63.3729 8.5
-64 -70.2 -72.4 -80 -64.7657 -63.4653 8.5
-63 -67.8 -72.8 -79.2 -64.4026 -62.2178 8.5
-62.2 -68.2 -71.8 -78.8 -66.4059 -62.2937 8.5
-65 -70.6 -73.8 -80.2 -66.2871 -63.5017 8.5
-63 -69.6 -73.6 -79.6 -64.3993 -63.7525 8.5
-73.4 -71.8 -70.2 -80.2 -63.6714 -68.8514 9.1
-73.4 -71.8 -69.2 -79.6 -64.0029 -68.6743 9.1
-73 -72 -69.6 -79.6 -63.9886 -68.7086 9.1
-73.8 -71.8 -69.4 -79.6 -63.1771 -65.8829 9.1
-75.2 -73.4 -72.2 -80 -62.4771 -67.06 9.1
-74 -72.6 -71.2 -79.4 -61.4029 -65.1143 9.1
-75 -73.6 -71.8 -80.2 -60.6286 -65.24 9.1
-76.4 -74.2 -74 -80.6 -62.8257 -67.0571 9.1
-76 -73.4 -73 -80.6 -62.42 -65.92 9.1
-74 -72.4 -71 -80 -62.0743 -65.22 9.1
-66.4789 -78.5634 -72.1972 -67.6197 -66.0271 -66.2067 9.2
-64.9718 -77.4366 -70.2394 -66.6338 -64.5323 -64.8463 9.2
-65.3239 -76.7183 -71.0423 -66.7042 -64.3463 -64.9186 9.2
-66.3239 -77.8592 -72.0704 -67.5634 -65.4083 -64.5814 9.2
-66.6197 -78.4648 -72.5493 -68.0141 -64.1899 -63.7726 9.2
-65.9155 -77.6761 -71.662 -67.3521 -64.7054 -65.4612 9.2
-65.9718 -77.2676 -71.2958 -67.4648 -65.3178 -64.5982 9.2
-66.7042 -77.9296 -72.1408 -67.7324 -64.8165 -64.3075 9.2
-66.1831 -77.507 -71.3803 -67.1549 -64.9444 -65.6796 9.2
-65.6901 -76.6197 -70.6901 -66.5775 -64.8424 -63.7519 9.2
-74.4046 -77.8244 -65.2366 -67.2748 -87.5 -55.6957 9.3
-74.5725 -76.4733 -65.1832 -67.6412 -87.75 -55.6957 9.3
-74.7099 -76.8779 -65.7023 -67.9695 -87.5 -55.6957 9.3
-75.1527 -77.7634 -65.9542 -68.2443 -87.5761 -55.4783 9.3
-74.6718 -77 -65.4504 -67.7939 -86.9022 -54.7391 9.3
-74.9389 -77.3435 -65.313 -67.8321 -86.4348 -54.587 9.3
-74.4885 -76.7634 -65.3282 -67.8092 -87.0435 -56.2935 9.3
-74.1679 -76.5878 -65.0763 -67.3206 -88.6522 -55.6739 9.3
-73.6565 -75.9847 -64.9466 -67.0305 -87.1739 -54.0652 9.3
-75.1679 -77.7634 -65.9771 -68.1221 -85.8913 -55.163 9.3
-62.232 -74.152 -57.088 -79.072 -72.6451 -53.3353 9.4
-62.68 -74.576 -57.56 -79.536 -73.4745 -53.802 9.4
-62.208 -73.752 -56.736 -78.88 -74.2294 -53.8039 9.4
-63.712 -73.632 -57.6 -79.936 -71.1157 -53.8 9.4
-63.512 -73.96 -57.776 -80.112 -70.5686 -53.7902 9.4
-62.776 -73.576 -57.36 -79.896 -73.9118 -53.7745 9.4
-62.048 -72.76 -56.712 -79.536 -71.5353 -53.6529 9.4
-61.592 -72.352 -56.2 -79.24 -73.0843 -54.9843 9.4
-61.776 -72.432 -56.104 -79.496 -71.7588 -53.2765 9.4
-62.608 -73.52 -57.16 -80.016 -72.0627 -53.0157 9.4
-71.9431 -70.5285 -54.2033 -68.1707 -67.8835 -59.7913 9.5
-72.2195 -70.6098 -54.1545 -68.3089 -68.5558 -60.017 9.5
-72.1545 -70.9675 -54.7724 -68.2033 -67.0922 -59.665 9.5
-71.187 -69.8455 -56.0976 -68.1626 -68.4709 -60.4369 9.5
-70.187 -72.6504 -60.6179 -78.7967 -70.0388 -60.4587 9.5
-68.9675 -69.813 -59.0081 -69.6179 -68.3883 -60.4563 9.5
-72.122 -72.1301 -61.9106 -70.8862 -66.1335 -59.4927 9.5
-72.5041 -74.2439 -59.4146 -72.1789 -66.6359 -59.2039 9.5
-71.3659 -70.1951 -56.1789 -69.2276 -66.4636 -59.2694 9.5
-71.3252 -70.5203 -56.7805 -69.6098 -66.8107 -59.3544 9.5
-79.7105 -74.6645 -65.1513 -48.0263 -59.2642 -58.7491 10.1
-79.0197 -73.8355 -64.8618 -47.6711 -58.7925 -59.8245 10.1
-77.8158 -74.2632 -65.1842 -47.75 -59.3679 -57.5434 10.1
-77.5197 -74.0461 -65.1842 -48.0329 -58.9792 -57.834 10.1
-77.3816 -74 -65.4079 -48.2105 -57.9019 -56.7113 10.1
-78.4013 -74.5921 -65.7632 -48.875 -59.2132 -55.7491 10.1
-80.0921 -75.2829 -65.6842 -48.5592 -60.7774 -60.2604 10.1
-78.75 -74.5263 -65.3947 -47.625 -59.4604 -58.4151 10.1
-80.1513 -75.0987 -66.5132 -48.7566 -61.0075 -58.6509 10.1
-79.5263 -74.5329 -65.5724 -47.9013 -60.183 -57.5604 10.1
-67.5917 -74.9333 -73.4917 -70.8417 -68.6218 -55.5353 10.2
-69.5833 -74.45 -73.3833 -70.2 -70.6751 -58.1691 10.2
-66.2583 -74.2 -73.3917 -70.1083 -70.7017 -57.4128 10.2
-66.65 -74.0667 -73.6083 -70.6667 -70.5992 -57.3302 10.2
-66.2417 -74.125 -74.9167 -70.2917 -69.9401 -58.6844 10.2
-66.45 -73.9417 -74.5667 -70.4667 -69.8575 -57.0346 10.2
-66.2 -74.1833 -73.3333 -70.2167 -68.4607 -55.4767 10.2
-66.5917 -74.2417 -73.4 -70.5 -71.6325 -56.6605 10.2
-66.85 -74.425 -73.6833 -70.475 -69.5619 -56.8842 10.2
-66.425 -74.075 -73.5417 -70.2083 -70.0732 -57.8802 10.2
-74.4803 -72.3386 -69.5669 -71.9134 -73.2805 -57.2785 10.3
-73.685 -71.5669 -68.5669 -71.2835 -72.5142 -56.1585 10.3
-74.1811 -71.9685 -68.7953 -71.5669 -70.8841 -55.0589 10.3
-74.189 -72.0866 -68.9685 -71.5748 -70.7927 -55.1443 10.3
-73.6378 -71.7323 -69.1339 -71.5118 -70.7907 -54.8333 10.3
-73.9606 -71.7008 -68.5827 -71.2126 -70.2805 -55.2256 10.3
-73.0472 -70.7008 -68.1024 -70.8189 -72.5041 -56.3577 10.3
-73.0315 -70.7559 -68.3543 -70.7638 -72.065 -56.376 10.3
-72.9921 -70.748 -68.126 -70.8819 -70.311 -56.4817 10.3
-73.1811 -70.9055 -68.2126 -71.1969 -69.9533 -54.2561 10.3
-70.5412 -74.9608 -63.0353 -75.2745 -73.9974 -52.0391 10.4
-69.6745 -74.1804 -62.3961 -74.5647 -74.0052 -51.5346 10.4
-69.8118 -74.8235 -62.3059 -74.2784 -73.4055 -51.6936 10.4
-70.5882 -75.349 -63.0314 -75.1686 -73.1213 -52.7458 10.4
-69.4941 -74.5961 -62.2627 -74.3882 -74.7588 -52.382 10.4
-68.0353 -73.8941 -61.4 -73.7804 -74.6336 -52.3794 10.4
-69 -73.8 -61.4039 -73.7882 -75.2529 -53.4628 10.4
-68.1804 -73.8078 -61.4039 -73.8157 -75.1995 -53.7275 10.4
-68.6627 -74.6588 -61.3176 -72.8392 -74.6962 -53.7405 10.4
-69.2 -75.0627 -61.8588 -73.1137 -73.8214 -53.3012 10.4
-66.3099 -73.6901 -47.8169 -76.6761 -74.25 -56.8841 10.5
-66.5352 -74.0986 -47.9577 -77.2817 -74.1123 -56.4855 10.5
-67.1268 -74.1972 -48.169 -77.2394 -73.4275 -56.9022 10.5
-66.9155 -74.2676 -48.6338 -77.0282 -74.5906 -57.5217 10.5
-67.338 -74.2535 -48.3662 -77.3803 -73.9891 -56.8841 10.5
-66.9859 -74.1127 -48.2817 -77.169 -74.5145 -55.8514 10.5
-66.5493 -74.0423 -48.169 -76.9437 -73.7355 -56.3478 10.5
-67.4507 -74.831 -48 -77.6761 -72.1739 -53.7283 10.5
-67.8592 -74.4648 -48.9437 -77.5352 -72.5435 -53.7174 10.5
-66.9577 -74.0704 -48.338 -77.493 -72.6957 -53.7283 10.5
