0 -9.5 -2.5 -20.5 -7 -0.7143 1.1
0 -10 -0.5 -15.5 -6.7143 -0.5714 1.1
0 -13 -3.5 -19 -7.8571 -2.1429 1.1
0 -12.5 0 -16 -8.7143 -3 1.1
0 -11.5 -3 -16.5 -6.5714 -2.8571 1.1
0 -17 -6.5 -14 -3.8571 0 1.1
0 -14 -3.5 -22.5 -7.2857 -1.2857 1.1
0 -11 -4 -18.5 -8.2857 -0.5714 1.1
0 -9.5 -4 -19 -5.4286 -2.1429 1.1
0 -11.5 -4 -16 -7.1429 -2.2857 1.1
-1 -10.3333 -13.6667 -16 -7 -3.1429 1.2
-3.3333 -9.6667 -12 -19 -7 -3.5714 1.2
-0.3333 -11.6667 -12 -20.3333 -5.4286 -2.8571 1.2
-0.6667 -11.6667 -17.6667 -17.6667 -4.4286 -2.8571 1.2
-0.3333 -9.6667 -11 -16.6667 -7.1429 -2.2857 1.2
-0.3333 -12 -15 -18 -6 -2.8571 1.2
-2 -11 -15 -20 -6.4286 -1.8571 1.2
-1.6667 -9.3333 -16.3333 -20.3333 -7.1429 -1.1429 1.2
-0.3333 -10 -18.3333 -21.3333 -5.1429 -2.2857 1.2
0 -10.6667 -13.3333 -23 -5.5714 -1.5714 1.2
-1.3333 -3.6667 -9.3333 -11 -4 -5.5714 1.3
-1 -5.3333 -14.6667 -9.6667 -5.4286 -5.5714 1.3
-4.3333 -1 -12.6667 -13.6667 -8.1429 -8.5714 1.3
-3 -3 -8.6667 -8.3333 -2.5714 -6.2857 1.3
-2.3333 -3.3333 -9.3333 -11.6667 -2.2857 -3.5714 1.3
-3 -1.6667 -12.3333 -11.3333 -6.2857 -6.8571 1.3
-2.3333 -2 -11.6667 -12 -4.1429 -4 1.3
-2 -2.6667 -10.3333 -10.6667 -7.2857 -7.1429 1.3
-0.6667 -1.6667 -11.6667 -11 -4.8571 -6 1.3
0 -4.3333 -12.3333 -11 -6.1429 -6.2857 1.3
0 0 -6.3333 -9.6667 -1.1429 -10 1.4
-4 0 -11 -11 -1 -9.2857 1.4
-0.3333 0 -5.6667 -6.6667 -0.4286 -7.1429 1.4
-1.3333 0 -10 -10.6667 -1.1429 -8.5714 1.4
0 0 -3.3333 -6 -1.7143 -8.2857 1.4
-0.6667 0 -7.3333 -13 -0.2857 -8.1429 1.4
-1.6667 0 -7 -12 -0.2857 -9.4286 1.4
0 0 -7.3333 -5.3333 -0.1429 -10.2857 1.4
0 0 -10.3333 -14.6667 -2 -10 1.4
-0.6667 0 -5 -7.6667 -1.5714 -9.2857 1.4
-3 16 -8 -7 -0.7143 -7.7143 1.5
-6 0 -15 -8 -1 -8.7143 1.5
-2 9 -6 -6 -0.5714 -8.8571 1.5
-6 12 -4 -3 -1 -6.8571 1.5
-1 0 -14 -7 -0.7143 -8.5714 1.5
-13 16 -18 -15 -0.7143 -7.4286 1.5
-6 17 -16 -5 -1.1429 -7.1429 1.5
-7 10 -14 -7 -0.4286 -8.4286 1.5
-7 5 -17 -8 -0.5714 -7.7143 1.5
-5 8 -12 -10 -0.5714 -6.2857 1.5
-2 -10 -5 -19.3333 -1.375 -5 2.1
-3 -9.6667 -4 -21 -1.875 -5.5 2.1
-0.3333 -12.6667 -2.6667 -20 -1.25 -6.75 2.1
-4 -7.3333 -3.3333 -19 -1.25 -5.5 2.1
-3 -11 -2.3333 -22.3333 -0.875 -3.875 2.1
-1 -11 -6.6667 -21.6667 -0.875 -3.625 2.1
-1.6667 -10.6667 -7 -16 -0.375 -5.375 2.1
-1.6667 -10.3333 -3.6667 -21.3333 -0.5 -5.625 2.1
-1.3333 -12 -4 -23 -1.625 -4.5 2.1
-1.6667 -9.6667 -2 -17.6667 -1.125 -5.75 2.1
-5.3333 -8.3333 -7.6667 -16.6667 -0.5714 -5.8571 2.2
-5.3333 -10 -10 -10.6667 -5 -5.7143 2.2
-2.3333 -5.6667 -6.3333 -15.3333 -3.4286 -4.8571 2.2
-3.3333 -8 -6.3333 -16 -2 -7 2.2
-5.3333 -12 -7.3333 -13.6667 -3.7143 -4.7143 2.2
-4.6667 -7.3333 -8.3333 -11.6667 -4.1429 -4.7143 2.2
-0.6667 -5.6667 -7.6667 -16 -4.5714 -6.4286 2.2
-7.3333 -6.3333 -5.3333 -11.6667 -3.4286 -5.4286 2.2
-7 -12.3333 -7.3333 -13 -1.8571 -8.4286 2.2
-3.3333 -2.6667 -6.6667 -14 -2.5714 -5.1429 2.2
-9.25 -9 -11.5 -13.5 -2.8571 -5.8571 2.3
-6.5 -7.75 -11.25 -18 -1 -8.4286 2.3
-9.25 -6.25 -8.5 -14.25 -2.1429 -6.2857 2.3
-9.25 -6 -10.25 -16.25 -2.7143 -4 2.3
-9.5 -10.5 -8.5 -14 -2.7143 -6.8571 2.3
-9 -7.25 -8.25 -17.5 -2.2857 -6.1429 2.3
-9.25 -12.75 -9.25 -14 -4.4286 -4 2.3
-9.5 -8.75 -10.25 -13 -3.1429 -5.2857 2.3
-8.75 -10 -11.75 -18 -1.8571 -4.2857 2.3
-10 -9 -8.5 -14.75 -3.1429 -6.8571 2.3
-12 0 -8.25 -18.5 -7.25 -2.625 2.4
-11 0 -7.75 -19.25 -4.875 -5.375 2.4
-5.5 0 -10 -18 -7.125 -5.375 2.4
-10 0 -8.25 -18.5 -6.75 -5.625 2.4
-6.75 0 -8.75 -14.5 -7 -3.875 2.4
-2.25 0 -6.25 -17.5 -6.25 -4.25 2.4
-9.75 0 -7.75 -17 -5.125 -4.75 2.4
-10 0 -9.25 -18.5 -5.375 -4.25 2.4
-10.5 0 -6 -15.25 -7.625 -4.875 2.4
-8 0 -9 -16.25 -6.375 -4.75 2.4
-14.6667 0 -21.3333 -12 -4 -4.7143 2.5
-8 0 -17 -10.6667 -2.4286 -4.4286 2.5
-7.3333 0 -20.6667 -10.6667 -2.8571 -4.7143 2.5
-8.3333 0 -20.3333 -13 -2.8571 -4 2.5
-9.6667 0 -22.6667 -11 -2.1429 -3.8571 2.5
-10.3333 0 -17.6667 -9.3333 -4 -6 2.5
-10.6667 0 -19 -11 -2.1429 -3.1429 2.5
-8.6667 0 -22.6667 -7.3333 -3.4286 -5.4286 2.5
-6.6667 0 -18 -10.3333 -3.2857 -6.1429 2.5
-8 0 -20.3333 -14.3333 -5.5714 -4.1429 2.5
0 -4.3333 -17.6667 -18.6667 -6.4286 -1.2857 3.1
-0.3333 -3.6667 -8.3333 -18.3333 -6.5714 -1.8571 3.1
0 -1 -14 -20 -5.8571 -1.7143 3.1
-0.3333 -3.6667 -11.3333 -22 -2.8571 -0.5714 3.1
0 -6 -8.6667 -22.3333 -3.8571 -0.7143 3.1
0 -2 -14 -17.6667 -3.8571 -1.1429 3.1
0 -3.6667 -9.3333 -20.6667 -4.1429 -2.1429 3.1
0 -2.6667 -11.3333 -22.3333 -3.7143 -0.8571 3.1
0 -6.6667 -10 -21.3333 -5.2857 -0.4286 3.1
-0.3333 -4.3333 -11 -18.3333 -4.8571 -1 3.1
-0.75 -4.75 -8.75 -18.25 0 -1.1429 3.2
-2.25 -4.5 -9.5 -17.25 0 -1.7143 3.2
-0.25 -5.25 -7 -17.5 -0.4286 -2.8571 3.2
-1 -4 -6.75 -18.75 0 -2.1429 3.2
-0.5 -3.75 -7.75 -18.25 0 -1.5714 3.2
-1.5 -7.5 -7.25 -18.75 -0.2857 -2.1429 3.2
0 -4 -8 -17.75 0 -2.1429 3.2
-0.75 -4 -6.5 -18.75 0 -0.4286 3.2
-1 -2.25 -7.75 -18.75 0 -0.7143 3.2
-1.25 -7.5 -9 -20.25 0 -1.1429 3.2
-8.75 -1.25 -11.5 -15.5 0 -9.5 3.3
-10.75 -0.5 -12.75 -15 0 -10 3.3
-6.75 -0.75 -14.25 -17.25 0 -9.1667 3.3
-8.75 -0.25 -9.75 -19.25 0 -9.1667 3.3
-11.5 -3 -12 -17.5 0 -9 3.3
-7 -1.75 -12 -17.5 -0.1667 -8.3333 3.3
-8.5 -1.25 -12 -17.5 0 -8 3.3
-3.5 -1.75 -12 -13.75 0 -9 3.3
-7 -2.5 -13.75 -17.75 0 -6.5 3.3
-4.5 -0.25 -12 -15 0 -11.5 3.3
-7.75 -2 0 -10.25 -4.875 -3.875 3.4
-6 -1 0 -11.25 -2 -7.25 3.4
-9 -0.75 0 -11.5 -2.5 -5.875 3.4
-7.5 -1.25 0 -10.75 -3.5 -5.125 3.4
-8 -3.5 0 -11.5 -3.5 -5.25 3.4
-7.25 -1.75 -0.75 -13.5 -2.375 -5.375 3.4
-8.25 -1.5 0 -8 -5.625 -4.125 3.4
-6.25 -0.5 0 -10.5 -3.125 -6 3.4
-8 -0.75 0 -9.25 -1.5 -5.5 3.4
-4.75 -1 -1.5 -12.75 -3 -4.75 3.4
-18.3333 -0.8333 -14.8333 -18 -2.2857 -5.5714 3.5
-18.6667 0 -12.3333 -15.8333 -1.2857 -4.1429 3.5
-19.1667 0 -12.1667 -15.8333 -1.4286 -3.7143 3.5
-21.6667 -0.3333 -14.1667 -21.5 -2 -3.5714 3.5
-19.5 -0.3333 -9.8333 -15.3333 -3.1429 -4.1429 3.5
-19.1667 -0.5 -11.8333 -16.8333 -3.1429 -5.5714 3.5
-19.8333 -0.3333 -9.3333 -17.8333 -2.8571 -5.4286 3.5
-22.6667 0 -11.3333 -17 -3 -4.4286 3.5
-22.1667 -0.5 -10.8333 -18.8333 -3 -5.7143 3.5
-22.3333 -0.6667 -11.3333 -17.1667 -3 -5.7143 3.5
-3 -17 -5 -12 -0.75 -7.25 4.1
-4 -18 -6 -11 -0.75 -8.25 4.1
-5 -15 -10 -16 -0.25 -10.75 4.1
-13 -21 -11 -11 -0.375 -7 4.1
-4 -13 -7 -9 -0.5 -8.875 4.1
-6 -16 -8 -11 -1.625 -8.5 4.1
-8 -10 -8 -12 -0.75 -8.875 4.1
-6 -7 -9 -20 -1.5 -12.25 4.1
-5 -15 -6 -10 -1 -11.375 4.1
-5 -21 -5 -10 -0.625 -9.125 4.1
-1.2 -6 -19.6 -13.8 0 -0.125 4.2
-1.2 -4.6 -17.4 -11.4 0 -0.625 4.2
0 -5.8 -19 -14.8 0 -1.875 4.2
-0.4 -5.6 -16.4 -12 0 -2 4.2
0 -6.2 -14.2 -11.6 0 -2.5 4.2
-0.2 -5.2 -19 -14 0 -3.125 4.2
-1 -5.2 -20.6 -12.6 0 -1.75 4.2
-0.6 -4.4 -16.8 -11.6 0 -0.875 4.2
-1.2 -5.8 -15.8 -13.4 0 -1.5 4.2
-0.8 -7 -18 -12 0 -0.75 4.2
-13 -20.5 -9.5 -14.5 10.875 -5.75 4.3
-11 -16 -7 -16.5 10 -4.375 4.3
-9 -16.5 -9.25 -18.5 9.625 -4.5 4.3
-11.5 -18.25 -9.25 -15.5 9 -3 4.3
-8.75 -18.25 -9.25 -19.75 7.5 -6.125 4.3
-13 -18.5 -7.25 -16.25 9.375 -5.75 4.3
-14.5 -16.5 -9 -14.25 7.375 -3.5 4.3
-9.25 -19.75 -10.5 -17.5 13.25 -3.75 4.3
-11.5 -16.75 -9 -18.75 9.875 -3.625 4.3
-15.25 -13.5 -7.5 -10.75 12.375 -4 4.3
0 -1.25 -3.5 -17 0 -1.375 4.4
-2 -2.5 -8.25 -12.5 0 -0.5 4.4
-0.75 -3.25 -3.75 -15.5 0 -0.875 4.4
-2 -3.75 -4.75 -14.25 0 -1.375 4.4
-2.75 -4.75 -7.75 -11.5 0 -1.875 4.4
-1.5 -5.75 -6.25 -4.5 0 -1.875 4.4
-1.75 -2.25 -6.75 -10.5 0 -0.75 4.4
-1.25 -6.75 -4.5 -9 -0.25 -1.625 4.4
0 -2.75 -6.75 -10.25 0 -0.375 4.4
-1.25 -3.5 -7 -12 0 -2.625 4.4
-6.3333 -5.6667 -7.6667 -8 -4.2857 -0.7143 4.5
-5 -3.6667 -8.6667 -10.6667 -5.2857 -1 4.5
-4 -2.3333 -10.6667 -10.6667 -6.5714 -0.5714 4.5
-9.3333 -3 -10.3333 -8.3333 -5.1429 -3.1429 4.5
-2.6667 -1 -16.6667 -12.3333 -5.7143 -4 4.5
-4.6667 -3.6667 -7 -6.6667 -5.8571 -1.8571 4.5
-4.3333 -2.3333 -9.3333 -14 -3.5714 -2 4.5
-7 -6 -12.6667 -11 -4.4286 -1.1429 4.5
-6.6667 -2 -14.3333 -16 -7.8571 -2.4286 4.5
-4 0 -11 -11.6667 -6.7143 -1.2857 4.5
-10 -8.5 -8.5 -8 0 -3.25 5.1
-13 -8.5 -7 -7 -0.125 -3.25 5.1
-14.5 -7 -7.5 -4.5 -0.125 -2 5.1
-12 -10 -8.5 -9 -0.125 -1.25 5.1
-17 -6.5 -3.5 -7.5 0 -4.75 5.1
-9.5 -9.5 -6.5 -6 -0.125 -5.125 5.1
-7.5 -8.5 -7 -6 -0.5 -3 5.1
-11.5 -9.5 -8.5 -4.5 0 -2.25 5.1
-13.5 -9 -4 -9.5 0 -3 5.1
-12.5 -9.5 -5 -8 0 -5.625 5.1
-6.6667 -9.6667 -12.3333 -8.3333 -0.2857 -7.8571 5.2
-4.6667 -11 -11.6667 -9.3333 -0.8571 -10.5714 5.2
-5.6667 -8.3333 -8.6667 -9.3333 -2.2857 -7.5714 5.2
-6 -7.6667 -6.6667 -9.3333 -2.8571 -8.8571 5.2
-6.3333 -11 -10 -7 -1 -8.2857 5.2
-5 -8 -8.6667 -7.6667 -1.2857 -9 5.2
-3 -13.3333 -5.6667 -7.3333 -0.8571 -7.4286 5.2
-8.6667 -8 -9.3333 -9.3333 -0.1429 -7.7143 5.2
-8.3333 -9.6667 -8.3333 -10 -0.5714 -9.5714 5.2
-6 -13.3333 -9.6667 -9 -0.2857 -6.5714 5.2
-14.5 -3 -4.5 -6 8.5 0 5.3
-14.5 -3.5 -4 -7.5 8.625 -2 5.3
-15 -3 -5 -8 8.5 -1.25 5.3
-16.5 -1 -2 -12.5 5.75 -2 5.3
-5.5 -3.5 -5 -8 7.625 -1.25 5.3
-16.5 -5 -4 -10 8.375 -1.5 5.3
-13 -3 -2 -9.5 5.125 -1 5.3
-15.5 -1 -4 -9 9 0 5.3
-9 -4.5 -6.5 -4.5 3.125 -1.25 5.3
-15 -4 -5.5 -5.5 3.5 -1.125 5.3
-7 -4 -5.5 -9 -0.4286 -1.2857 5.4
-2 -2.5 -7.5 -16.5 -0.2857 -1.5714 5.4
-6 -2.5 -10 -11 0 -2.2857 5.4
-9.5 -1.5 -7.5 -11 0 -1.2857 5.4
-2 -3.5 -7.5 -9.5 -0.1429 -1.8571 5.4
-6.5 -3 -15.5 -20 0 -1.8571 5.4
-2.5 -0.5 -16 -19.5 -0.5714 -1.7143 5.4
-1 -4 -12 -15 -0.4286 -1.1429 5.4
-9.5 -0.5 -8.5 -12 0 -2.7143 5.4
-2.5 0 -12.5 -9 -0.5714 -2 5.4
-17 -1.5 -2 -10.75 0 -0.5 5.5
-15.75 0 0 -12.25 0 -1.75 5.5
-14 -0.75 -3.5 -12.25 0 -1.125 5.5
-16.25 -2.5 -3.75 -12.5 0 -1.5 5.5
-17 -0.5 -1 -13.25 0 -2.5 5.5
-16.75 -0.25 -0.5 -10 0 -1.375 5.5
-15.5 -0.25 -2 -10.5 0 -1.5 5.5
-16.25 -1.5 -3 -12.5 -0.125 -1.5 5.5
-14.25 -0.25 -2.75 -11.5 0 -2.125 5.5
-14.25 -1 -2.5 -9.5 -0.25 -2.625 5.5
-20.3333 -19.6667 -12.3333 -6.3333 -7.75 -6.5 6.1
-14.6667 -18.6667 -15 -7.3333 -7.625 -4.625 6.1
-16.3333 -17.6667 -10.3333 -6 -8.375 -5.875 6.1
-19.3333 -14 -14.3333 -6.6667 -7.5 -6.125 6.1
-21.3333 -16.6667 -19.3333 -7 -10.375 -5.5 6.1
-21.6667 -14.3333 -8.6667 -9.3333 -10.25 -5.75 6.1
-21.3333 -15.6667 -16.3333 -3.6667 -9.125 -6.125 6.1
-16.6667 -18 -14.3333 -9.3333 -7 -3.875 6.1
-19.3333 -12.6667 -10.3333 -6.6667 -7.75 -4.5 6.1
-22.3333 -14.3333 -8 -6.3333 -8.5 -4.375 6.1
0 -6.5 -6 -16.5 -5 -0.875 6.2
0 -5.5 -10 -16 -4.5 -0.5 6.2
0 -4.5 -11 -19 -6.25 -1.75 6.2
0 -2.5 -7.5 -21 -7.625 -1.75 6.2
-1.5 -7.5 -10 -14.5 -5.5 -0.25 6.2
0 -7.5 -8 -16.5 -6 -1.5 6.2
0 -9.5 -13.5 -11.5 -7 -0.625 6.2
0 -9.5 -11 -14 -5.625 -1.125 6.2
0 -5 -9 -20 -5.125 -1 6.2
0 -7.5 -11 -13 -6 -0.375 6.2
-3 -5.5 -4.25 -12.5 0 -0.25 6.3
-2.25 -4.25 -4.75 -14 -0.25 -0.625 6.3
-1.75 -4.5 -4.75 -14.25 -0.875 -2 6.3
-0.75 -4.75 -6.5 -14.5 -0.625 -0.25 6.3
-1.5 -6.25 -4 -10.75 -0.25 -0.875 6.3
-2.5 -7.5 -6 -13 0 -0.375 6.3
-2.25 -2 -0.25 -11.25 -0.25 -0.875 6.3
-1 -4 -5.5 -14 -0.25 -0.625 6.3
-1.75 -7 -4.75 -11 -0.5 -2.125 6.3
-1.5 -2.5 -3.5 -9.75 0 -1.125 6.3
-4.3333 -7.6667 -5.3333 -11 0 -0.25 6.4
-3.6667 -12 -6.3333 -11.3333 0 -0.5 6.4
-2.3333 -13.3333 -6.3333 -8.3333 0 -0.125 6.4
-1.6667 -14.3333 -7 -10.6667 0 -0.75 6.4
-2.3333 -12.3333 -4 -6.6667 0 -0.125 6.4
-2.6667 -12.6667 -4.6667 -11 0 -1.5 6.4
-1.3333 -9.3333 -8 -10 0 0 6.4
-1.3333 -7.3333 -5.3333 -7 0 0 6.4
-1.3333 -9.6667 -6.3333 -10.3333 0 -0.25 6.4
-2.6667 -8.6667 -6.3333 -10.3333 0 -1 6.4
-20 0 -2 -11 -2 -8.375 6.5
-12 -8 -6 -8 -4.25 -4.875 6.5
-7 -2 -3 -13 -2.75 -5 6.5
-11 -1 -7 -11 -4.625 -7 6.5
-19 0 -6 -15 -2.75 -6.5 6.5
-15 -4 -7 -6 -4.875 -4.625 6.5
-7 -3 -11 -12 -4.125 -4.375 6.5
-19 -3 0 -12 -3.25 -4.25 6.5
-11 -8 0 -10 -3.75 -4.875 6.5
-17 -4 -6 -12 -2.75 -5.375 6.5
-14.5 -14.5 -15 -11 -15.7143 -4.8571 7.1
-12 -16.25 -14 -11.75 -11.5714 -5.2857 7.1
-16.75 -15.25 -14.75 -13 -9.4286 -1.8571 7.1
-14.25 -16.75 -13.75 -12.5 -9.1429 -3.2857 7.1
-11.5 -14.75 -15.5 -12.25 -10.4286 -3.5714 7.1
-14.25 -17.75 -14 -12 -13.1429 -5.1429 7.1
-15.25 -17.5 -18.25 -12.75 -12 -3.5714 7.1
-10.5 -18.5 -14.5 -13 -9.1429 -2.2857 7.1
-9 -16.5 -12.5 -11.75 -10.7143 -4 7.1
-13.5 -18.5 -15 -10.25 -14.2857 -4.4286 7.1
-21.5 -19.3333 -4.8333 0 -4.8571 -3.4286 7.2
-17.3333 -19.1667 -5.1667 -0.5 -3.7143 -3.7143 7.2
-19 -20.3333 -1.8333 0 -4.7143 -2.8571 7.2
-20.6667 -20.3333 -3.8333 0 -3.7143 -1.8571 7.2
-21.6667 -18.8333 -4.6667 0 -2.7143 -3.5714 7.2
-20.6667 -21.3333 -1.5 0 -2.1429 -4.1429 7.2
-20.8333 -19.5 -4.6667 0 -5 -6.4286 7.2
-19.6667 -20 -6 0 -4 -5 7.2
-20.5 -16.6667 -4 -0.1667 -5.2857 -5.2857 7.2
-18.8333 -18.8333 -4.3333 0 -6.1429 -3.5714 7.2
-13 -14.25 -2.75 0 -7.125 1.75 7.3
-11 -15.25 -2 0 -6.125 2.375 7.3
-14.75 -17.25 -1 0 -6.125 2.75 7.3
-14 -14 -0.5 0 -7.125 4 7.3
-13.25 -13 -2.25 0 -5.625 3.5 7.3
-11.5 -16.75 -1.75 0 -6.25 2.25 7.3
-12 -19 -2.25 0 -5 4.875 7.3
-13.75 -16.75 -0.5 0 -4.875 2.875 7.3
-13.75 -16 -3 0 -8.5 2.5 7.3
-11.75 -15 -1.25 0 -5.25 4.75 7.3
-20.3333 -11.3333 -11 -17.3333 -0.8333 0 7.4
-19.3333 -6 -8.6667 -17.6667 0 0 7.4
-20.6667 -8.3333 -9.6667 -18.6667 -0.5 0 7.4
-21.3333 -7.6667 -6 -14.3333 -0.3333 0 7.4
-20.6667 -10.3333 -6.6667 -16.3333 0 0 7.4
-19 -7.6667 -3 -17.3333 -2.6667 -0.3333 7.4
-18 -8.6667 -10 -15 0 0 7.4
-18.3333 -6.6667 -9 -15 -0.8333 0 7.4
-21.6667 -8 -5.3333 -17 0 0 7.4
-12 -8 -6.6667 -18 -0.3333 -0.3333 7.4
-15.75 -2.75 -4.75 -6 -2.125 0 7.5
-15.5 -8.75 -2.25 -6 -0.875 0 7.5
-12.5 -3.25 -1.75 -7 -1 0 7.5
-13.75 -5.25 -3 -9.75 -1.625 0 7.5
-15.5 -3 -1.25 -7.5 -0.25 0 7.5
-14.25 -5.25 -1.25 -4.5 -0.875 0 7.5
-13.25 -4 -1.5 -8.75 -1.125 0 7.5
-14 -6.5 -0.75 -9 -1.75 0 7.5
-13.25 -4.25 -4.25 -6 -0.125 0 7.5
-12.25 -5 -1.25 -6.25 -0.625 0 7.5
-19.3333 -7 -7.3333 -1.6667 -0.8571 0 8.1
-18.6667 -9 -9.6667 -0.3333 -1.7143 -0.4286 8.1
-19 -8.6667 -11.6667 -0.3333 -0.2857 0 8.1
-20.6667 -5.6667 -8.3333 0 -0.4286 -0.8571 8.1
-21.6667 -7.3333 -7 -2.3333 -0.5714 -0.1429 8.1
-16.3333 -7.3333 -8.3333 -0.6667 -0.1429 0 8.1
-18.6667 -8.6667 -8.3333 -1.6667 -1.2857 0 8.1
-20.6667 -8 -6 -1 -0.1429 0 8.1
-19 -6.6667 -7.6667 -0.6667 -0.4286 0 8.1
-20.3333 -6.3333 -8.3333 -0.6667 -0.8571 0 8.1
-3.25 -19.5 -5.25 0 -0.5714 -7 8.2
-6.75 -15.25 -4 0 0 -6.7143 8.2
-10 -20.25 -5.75 0 -0.5714 -7.8571 8.2
-3.5 -19.5 -2.75 0 0 -3.7143 8.2
-7 -18 -5.75 0 -1.5714 -5 8.2
-2.75 -14.75 -3 0 -0.5714 -6.1429 8.2
-7.5 -15.5 -3.25 0 -0.5714 -5.2857 8.2
-4 -20.25 -3.75 0 -0.4286 -5.7143 8.2
-8.25 -15.25 -5 0 -0.7143 -8.5714 8.2
-6 -16 -3 0 0 -3.8571 8.2
-11.3333 -13 -3 -9.6667 -3 -1.2857 8.3
-5.3333 -11 -9 -2.6667 -2.4286 -0.2857 8.3
-3.6667 -17 -4.3333 -5 -1.7143 -1.4286 8.3
-10 -15.6667 -1.6667 -5.6667 -2.1429 0 8.3
-3.6667 -15.3333 -6 -5 -1.1429 -2.4286 8.3
-9.6667 -8.3333 -3 -6.6667 -1.5714 -1 8.3
-7.3333 -16 -3.3333 -5.3333 -1.7143 -1.5714 8.3
-4 -15 -7 -4 -2.1429 -0.7143 8.3
-5.6667 -16.6667 -5.6667 -3.6667 -2.1429 -0.4286 8.3
-4 -17.6667 -1.3333 -7.3333 -0.8571 -0.5714 8.3
-2 -4 0 -14.6667 0 0 8.4
-0.6667 -5.6667 -3 -14.3333 0 -0.7143 8.4
-1.3333 -10 -1 -7.6667 0 -2.4286 8.4
-0.6667 -5.6667 -2 -13 0 0 8.4
-1 -4.3333 0 -11 0 -1 8.4
-1.3333 -6.6667 -1.3333 -13 0 -0.1429 8.4
-0.6667 -5 0 -13.6667 0 -1.7143 8.4
0 -8.6667 -1.3333 -13.6667 0 -0.4286 8.4
0 -9 0 -13 0 -0.8571 8.4
-0.3333 -9.3333 -0.3333 -11.6667 0 -0.2857 8.4
-8.8 -10 0 -2.6 -0.1667 -2.1667 8.5
-8 -10 0 -2.8 0 -2.6667 8.5
-6 -14 -0.2 -1 -0.6667 -2 8.5
-10.4 -11.6 0 -2.6 0 -0.3333 8.5
-6.4 -10.4 0 -3.2 -0.6667 -3.5 8.5
-7 -9.6 0 -2 -0.1667 -2.8333 8.5
-8.6 -10.8 0 -2.2 -0.8333 -0.8333 8.5
-7.4 -10.4 -0.2 -2.2 -0.6667 -0.6667 8.5
-8.2 -11 -0.8 -1 0 -0.5 8.5
-6.8 -12.2 0 -2.6 -0.1667 -1 8.5
-17.8 -6 -12 -2.2 -0.25 -7.375 9.1
-15 -6.6 -12 -2.8 0 -9.125 9.1
-20.4 -7.4 -11.4 -1.2 -1.5 -8.25 9.1
-19.4 -4.8 -10.2 -5.4 -1.125 -9.5 9.1
-20.8 -5 -10.2 -2.4 -0.375 -10.375 9.1
-22.8 -6 -12.4 -2.2 -0.875 -10.875 9.1
-20.6 -5.4 -8.6 -1.4 -0.125 -8 9.1
-20 -5.6 -10.8 -2.8 -0.375 -8.625 9.1
-21.8 -6.4 -11.4 -1 0 -8.875 9.1
-21.6 -7.2 -11.2 -1.2 -0.75 -9.375 9.1
-11.5 -18.5 -3.5 0 -3.875 -5.25 9.2
-16 -22 -3.5 -0.5 -3.75 -6.5 9.2
-12.5 -13.5 -1.5 0 -3.5 -6.75 9.2
-17 -15 0 -4 -4 -7.375 9.2
-14 -18 -8 -0.5 -2.875 -5.75 9.2
-15.5 -14 0 -3 -3.25 -5.875 9.2
-11 -18.5 -3.5 -5.5 -2.625 -8 9.2
-11.5 -18.5 -6.5 -9 -3.875 -6.25 9.2
-15 -20.5 -4 0 -5.625 -7.75 9.2
-15.5 -21 -9.5 -5 -3.125 -5.625 9.2
-7.25 -14.75 -5.25 -0.25 -1.5 0 9.3
-6.5 -17.75 -4.25 -0.5 -2.25 0 9.3
-7.5 -15.5 -9.5 0 -2.125 0 9.3
-6.25 -15.5 -6.5 0 -2.5 0 9.3
-6 -15.25 -8.25 -0.5 -2.875 0 9.3
-6.25 -17.25 -9.25 0 -2.375 0 9.3
-7.25 -17.75 -7.75 -0.25 -1.75 0 9.3
-6.25 -21 -4.5 0 -1 0 9.3
-7.25 -15 -5.75 0 -2.75 0 9.3
-4.75 -19.25 -6.5 0 -2.125 0 9.3
-5 -14 0 -11 -2.8571 0 9.4
-7 -19 0 -15 -4.1429 0 9.4
-4 -18 0 -6 -2 0 9.4
-6 -17 0 -10 -2.7143 0 9.4
-2 -17 0 -16 -2.7143 0 9.4
-1 -18 0 -18 -2.4286 0 9.4
-6 -16 0 -18 -2.4286 -0.1429 9.4
-6 -22 -1 -18 -3.5714 0 9.4
-3 -21 0 -14 -2.7143 0 9.4
-3 -14 0 -12 -4.7143 0 9.4
-2.5 -11.5 0 -10.5 -4.2222 0 9.5
-2 -9.5 0 -5 -3.5556 0 9.5
-1 -10 -3.5 -6.5 -4 0 9.5
-3 -11 -1 -8.5 -5.8889 0 9.5
-3 -9 -3.5 -8 -4.8889 0 9.5
-4 -11.5 0 -4.5 -3.4444 0 9.5
-2 -9.5 -7 -18 -4.7778 0 9.5
-8 -12.5 -1.5 -12.5 -2.5556 0 9.5
-4 -5.5 0 -9 -5.2222 0 9.5
-4.5 -11 -3 -5.5 -4.7778 0 9.5
-17.5 -17 0 13.5 0 -2.875 10.1
-19 -12 0 5 0 -2.625 10.1
-16.5 -18 0 2 0 -2.5 10.1
-22 -13 0 7 0 -4 10.1
-17.5 -18.5 0 8 0 -3.25 10.1
-25.5 -14.5 0 10.5 0 -4.75 10.1
-20 -16.5 0 4.5 0 -2.875 10.1
-17.5 -17 0 0 0 -4.25 10.1
-18.5 -17 -0.5 1.5 0 -1.75 10.1
-18.5 -19 0 0 0 -1.5 10.1
-9.5 -13.5 -7.5 0 0 -0.75 10.2
-9.5 -12.5 -11 0 0 -0.75 10.2
-10.5 -14 -14.5 0 0 -0.75 10.2
-12 -17.5 -10.5 0 0 -0.75 10.2
-14.5 -18.5 -10.5 0 0 -0.875 10.2
-9.5 -16.5 -5 0 0 -0.5 10.2
-8 -18 -10.5 0 0 -0.5 10.2
-7.5 -13 -9 0 0 -0.25 10.2
-11.5 -16.5 -8.5 0 -0.25 -0.875 10.2
-12 -13.5 -6.5 0 0 0 10.2
-12.3333 -10.3333 -1.6667 -5.6667 -0.4286 -0.1429 10.3
-10.6667 -13.6667 -3 -10.3333 -0.7143 -0.1429 10.3
-12.3333 -11 -1.6667 -11 -0.1429 -0.1429 10.3
-13 -9 0 -11 -0.1429 -0.1429 10.3
-12.3333 -9.6667 -1.3333 -3.3333 -0.5714 -0.5714 10.3
-13 -16 -3.6667 -7.3333 0 0 10.3
-14.6667 -9.6667 -1.6667 -12.6667 0 0 10.3
-13 -13.3333 -3.6667 -7.6667 -0.5714 0 10.3
-9.6667 -13.3333 -1.6667 -7.3333 -0.5714 -0.8571 10.3
-11 -14 -1.3333 -7.3333 -0.1429 -0.1429 10.3
0 -11.5 0 -3 -5.1429 0 10.4
0 -14 0 -4.5 -6.7143 0 10.4
0 -12 0 -7 -4.7143 -0.1429 10.4
-1 -14 0 -3.5 -4.1429 -0.4286 10.4
0 -14 0 -2 -4.8571 0 10.4
0 -12 0 -1 -4.4286 -0.1429 10.4
0 -14 0 -2 -3.7143 0 10.4
-0.5 -7.5 0 -3.5 -1.1429 0 10.4
-1 -13.5 0 -3.5 -5 -0.1429 10.4
-3 -12 0 -4 -4.8571 0 10.4
-10.6667 -13.3333 0 -6.3333 0 -0.375 10.5
-7.6667 -15 0 -8 0 -1.5 10.5
-13 -13 0 -7 0 -2.625 10.5
-9.3333 -14.3333 0 -11 0 -1.75 10.5
-9.6667 -13 0 -7 0 -1.5 10.5
-12.3333 -16.6667 0 -9 0 -0.625 10.5
-9.6667 -11 0 -5.3333 0 -0.875 10.5
-8.6667 -15.3333 0 -8.6667 0 -1.75 10.5
-10.6667 -14.6667 0 -7.6667 0 -1 10.5
-9.6667 -14.3333 0 -12.3333 -0.25 -3 10.5
