-49.5714 -56.4286 -84.4286 -84.3571 1.1
-48.2857 -56.2857 -84.7143 -84.3571 1.1
-48.5 -57.7143 -85.0714 -85.3571 1.1
-47.8571 -56.9286 -85.3571 -85.3571 1.1
-48.2857 -56.6429 -84.6429 -85.4286 1.1
-48.2857 -57.2857 -85.2143 -85.6429 1.1
-47.9286 -56.6429 -85.3571 -85.5 1.1
-48.7857 -57 -84.5714 -85.7143 1.1
-48.5714 -56.7143 -84.8571 -85.5714 1.1
-49 -57.2857 -84.7143 -85.8571 1.1
-61.4444 -62.9444 -80.7222 -85.6667 1.2
-60.2778 -63.2778 -78.7778 -85.2778 1.2
-60.8889 -62.8889 -79.7778 -85.7222 1.2
-60.5556 -62.3333 -79.4444 -84.3889 1.2
-60.8889 -62 -79.1667 -87.2222 1.2
-60.5 -62.2222 -79.3333 -86.7222 1.2
-60.2778 -63.4444 -79.5556 -87.5 1.2
-60.1667 -62.2778 -79.7778 -87.5 1.2
-60.5556 -62.3889 -80.2778 -86.7222 1.2
-61.4444 -62 -80.4444 -86 1.2
-72 -45.9091 -85.8182 -82.4545 1.3
-71.1818 -46.1818 -86.0909 -82.2727 1.3
-71.9091 -46.5455 -86 -81.8182 1.3
-71.0909 -45.0909 -86.0909 -80.6364 1.3
-70.9091 -44.5455 -86.9091 -80.3636 1.3
-71.5455 -46.8182 -87.1818 -82.5455 1.3
-71.2727 -45.3636 -87.4545 -79.7273 1.3
-70.7273 -43.7273 -84.9091 -78.5455 1.3
-71.7273 -45.3636 -86.3636 -80.6364 1.3
-69.8182 -43.4545 -85.8182 -80.8182 1.3
-61.375 -46.375 -74.125 -76.375 1.4
-63.375 -48.5 -76 -78.5625 1.4
-64.9375 -49 -76.0625 -80.9375 1.4
-65.4375 -49.5 -76.25 -80.1875 1.4
-65.4375 -48.6875 -77.0625 -79.5 1.4
-64.875 -48.25 -75.6875 -79.4375 1.4
-61.875 -46 -74.1875 -76.5625 1.4
-63.375 -47 -75.6875 -77.5 1.4
-62.5 -46.375 -74.5625 -76.875 1.4
-63.875 -48.25 -75.6875 -77.9375 1.4
-63.7895 -52.9474 -81.7895 -74.4737 1.5
-63.2632 -51.2105 -81.8947 -74.2632 1.5
-61.5789 -49.9474 -84.3684 -73.4211 1.5
-61.8947 -48.9474 -83.2105 -71.8421 1.5
-60.7895 -50.3158 -81.5789 -71.0526 1.5
-61.7368 -49.3684 -81.1579 -70.8421 1.5
-60.6842 -49.0526 -82.1053 -72.5789 1.5
-61.6842 -53.2632 -82 -75.6316 1.5
-60.5263 -52.8947 -78.2105 -73.2632 1.5
-59.3158 -49.6316 -86.6842 -74.6842 1.5
-60.9167 -67 -80.1667 -82.75 2.1
-61.75 -66.4167 -79.0833 -82.9167 2.1
-63.5 -70.1667 -81.1667 -84.3333 2.1
-61.6667 -68.25 -79.6667 -82.75 2.1
-63.3333 -68.5 -81.4167 -84.9167 2.1
-61.5 -65.6667 -79.25 -83.25 2.1
-61.5 -66.8333 -79.6667 -82.8333 2.1
-61 -67.9167 -79.25 -82.4167 2.1
-62.25 -68.5 -79.9167 -83.1667 2.1
-61.75 -67.1667 -79.3333 -82.6667 2.1
-60.9167 -58.6667 -72.9167 -85.6667 2.2
-61.5 -59.4167 -73.1667 -84.5833 2.2
-61.5833 -59.5 -73.8333 -85.5 2.2
-63.3333 -62 -76.75 -85.5 2.2
-63.3333 -60.8333 -75.1667 -87.25 2.2
-64.5833 -62.5833 -76 -85.3333 2.2
-62.0833 -64.1667 -76.1667 -85.5833 2.2
-62.3333 -63.5833 -76.25 -85.6667 2.2
-61.5833 -60.5 -75 -85.75 2.2
-61.0833 -60.25 -75.0833 -86.8333 2.2
-61.1111 -62.8889 -80 -89.8889 2.3
-60.2222 -63.5556 -80.4444 -87.1111 2.3
-60 -63.6667 -79.8889 -88 2.3
-61.4444 -64.3333 -80 -87 2.3
-60.3333 -64 -80.6667 -86.6667 2.3
-60.7778 -66.3333 -81.5556 -88.3333 2.3
-59.5556 -63.2222 -78.8889 -88.5556 2.3
-60.7778 -64.5556 -80.1111 -91.5556 2.3
-60 -63.3333 -80.6667 -90 2.3
-61.2222 -64.8889 -80.8889 -89.6667 2.3
-68.2 -52.08 -72.16 -78 2.4
-70.2 -52.68 -72.56 -77.72 2.4
-66.52 -50.12 -70.48 -76.96 2.4
-69.88 -54.44 -73.8 -80.16 2.4
-69.76 -53.36 -73.08 -79.16 2.4
-68.8 -53.52 -73 -78.64 2.4
-69.64 -53.4 -72.8 -79.16 2.4
-69.04 -52.6 -72.32 -77.92 2.4
-68.6 -52.44 -72.2 -77.64 2.4
-67.6 -51.56 -71.24 -78.08 2.4
-71.8182 -46.6364 -77.1818 -77.0909 2.5
-69.8182 -46.7273 -77 -76 2.5
-71.2727 -47.1818 -78 -77.0909 2.5
-72.4545 -49.3636 -78.6364 -78.5455 2.5
-71.7273 -47.4545 -78.7273 -76.8182 2.5
-72.8182 -48.8182 -79.9091 -78 2.5
-73.6364 -49.8182 -81 -78.7273 2.5
-70.7273 -46.5455 -78 -75.8182 2.5
-71.3636 -47.9091 -78.5455 -78.6364 2.5
-72.4545 -46.9091 -77.0909 -78.2727 2.5
-74.5 -75.8333 -77 -87.1667 3.1
-75.8333 -74.8333 -78 -84.3333 3.1
-76.1667 -76.6667 -78.3333 -85.8333 3.1
-73.3333 -75.6667 -76.3333 -83.5 3.1
-73.3333 -75.5 -76.1667 -83.1667 3.1
-74.3333 -76.5 -75.6667 -84 3.1
-75.3333 -75.5 -76.5 -84.1667 3.1
-74.3333 -77 -75 -84.5 3.1
-76.3333 -76.3333 -77 -84 3.1
-76.3333 -75.3333 -76.6667 -86.1667 3.1
-63.3636 -68.9091 -78.1818 -82.5455 3.2
-61.8182 -63.4545 -76.8182 -79.8182 3.2
-63.0909 -65.5455 -79.1818 -80.9091 3.2
-63 -66.4545 -79.5455 -80.8182 3.2
-62.1818 -63.9091 -78.2727 -79.8182 3.2
-63.2727 -64.7273 -77.3636 -80 3.2
-64.6364 -66.1818 -79.3636 -82 3.2
-63.5455 -65.5455 -80 -81.6364 3.2
-61.1818 -63.1818 -75.8182 -81.7273 3.2
-61.1818 -64 -74.9091 -80.5455 3.2
-71.8824 -67.4118 -72.9412 -85.5882 3.3
-70.8824 -69.1176 -71.7647 -84.4118 3.3
-72.3529 -68.8235 -73.4706 -84.8824 3.3
-70.0588 -67.5294 -69.1765 -82.2941 3.3
-70.2353 -68.2941 -69.8235 -82.7647 3.3
-70.9412 -67 -69.1176 -82.4706 3.3
-71.3529 -67.0588 -70.6471 -82.8235 3.3
-69.5882 -65.1176 -72.8824 -84.2941 3.3
-68.4118 -64.2353 -71.1176 -83.0588 3.3
-69.4118 -64.2941 -71.1765 -82.7059 3.3
-81.4211 -63.4211 -65.6316 -82.1053 3.4
-78.2105 -61.2105 -63.5263 -81.0526 3.4
-82.8421 -64.3158 -66.6842 -83.4211 3.4
-81.5789 -63.3158 -64.8421 -81.4737 3.4
-81.4211 -63.0526 -66.1053 -82.2632 3.4
-81.1053 -62.2632 -64.1579 -81.6316 3.4
-81.9474 -63.6316 -66.3684 -83.3684 3.4
-80 -62 -64.6842 -80.6842 3.4
-79.8421 -62.5263 -66.2632 -79.8421 3.4
-79.1053 -63.4211 -66.6316 -81 3.4
-73.8333 -64.6667 -85.6667 -77 3.5
-72.8333 -63 -83.5 -75.8333 3.5
-72.5 -62.6667 -83.6667 -75 3.5
-72.8333 -63 -83.3333 -75 3.5
-74 -63.5 -84.3333 -75.3333 3.5
-72.8333 -63.8333 -82.8333 -76 3.5
-72.1667 -63 -83.3333 -75.1667 3.5
-72 -62.5 -83.1667 -76.3333 3.5
-73.1667 -64.1667 -83.3333 -77.1667 3.5
-74.6667 -66 -83.1667 -77.1667 3.5
-68.5625 -76.625 -87.5 -77.5625 4.1
-67.6875 -75.8125 -85.3125 -76.875 4.1
-68.8125 -77.5625 -83.5625 -76.5625 4.1
-68.875 -78 -82.25 -76.4375 4.1
-71.5625 -79.1875 -84.5 -79.3125 4.1
-71.8125 -79.4375 -85 -79.5625 4.1
-72.1875 -79.0625 -85.6875 -79.25 4.1
-72.375 -79.5625 -85.1875 -79.5625 4.1
-71.9375 -79 -84.9375 -78.8125 4.1
-71.3125 -78.6875 -84.3125 -79.125 4.1
-76.1364 -70.4091 -69.9091 -82.2727 4.2
-72.2273 -70.3636 -69.7273 -80.8636 4.2
-71.2273 -69 -68.6364 -79.5455 4.2
-70.1364 -65.8636 -66.5909 -77.6364 4.2
-72.5455 -70.1364 -71.0909 -81.7273 4.2
-72.5909 -69.3636 -70.8636 -81.4545 4.2
-72.2273 -68.6364 -70.2273 -81.0909 4.2
-73.5 -68.0909 -69.7273 -81.5455 4.2
-73.6364 -64.4091 -68.8636 -82.1364 4.2
-77.1364 -64.4545 -68.8636 -81.3636 4.2
-71 -73.4167 -75.1667 -79 4.3
-70.0833 -71.5 -74.5 -77.4167 4.3
-68.75 -72 -73.75 -79.0833 4.3
-71.4167 -72.8333 -75.9167 -81.9167 4.3
-70.5833 -72.0833 -75.25 -79.5 4.3
-71.5833 -72.75 -75.8333 -81.25 4.3
-72.5 -73.3333 -76.1667 -80.5 4.3
-72.1667 -72.5833 -76.5 -80.5 4.3
-70.6667 -72.5 -75.8333 -79.25 4.3
-68.5833 -71.5833 -75.5 -77.9167 4.3
-72.7 -66.7 -77.5 -78.8 4.4
-72.4 -66.7 -77.8 -77.2 4.4
-69.1 -68.1 -77.7 -76.4 4.4
-70.5 -69.1 -77.8 -75.7 4.4
-71 -68.4 -77.4 -76.7 4.4
-73.1 -71.2 -79 -78.8 4.4
-72.5 -71.6 -78 -78.1 4.4
-73.3 -71.2 -78.3 -76.7 4.4
-73.9 -71.1 -77.2 -78.5 4.4
-74.7 -71 -77.5 -79.3 4.4
-75.7 -64.9 -70.2 -82.6 4.5
-75.5 -65.4 -70.7 -82.4 4.5
-74.7 -64.9 -70.8 -83.2 4.5
-74.5 -64 -70.3 -83.3 4.5
-75.4 -63.9 -70.7 -83.4 4.5
-75.7 -62.8 -71.5 -82.9 4.5
-76 -64.9 -72.8 -85 4.5
-76.6 -67.7 -75.9 -85.4 4.5
-76.2 -68.1 -73.7 -84.8 4.5
-77.9 -68.2 -72.5 -83.9 4.5
-69 -62 -77.3333 -81.3333 5.1
-67 -60 -75.3333 -79.3333 5.1
-67 -60.3333 -74.3333 -79.6667 5.1
-67 -60.3333 -75 -79 5.1
-67 -61.6667 -77.3333 -80.3333 5.1
-68 -61 -76.6667 -80.3333 5.1
-68.6667 -63 -75.6667 -80 5.1
-71.3333 -64 -77 -83.6667 5.1
-71.3333 -64 -78.3333 -85 5.1
-68.3333 -61.6667 -76.6667 -82.3333 5.1
-64.6562 -71.6562 -69.9688 -78.8438 5.2
-63.9688 -72.9688 -70.5312 -78.7812 5.2
-65.0312 -72.5312 -70.9688 -78.4688 5.2
-65.8438 -72.2812 -71.0625 -78.875 5.2
-67.0625 -72.8438 -71.6875 -79.4375 5.2
-64.0625 -72.25 -69.5625 -79.6875 5.2
-64.3125 -66.6562 -67.9062 -81.6875 5.2
-64.0938 -65.5625 -68.3125 -81.25 5.2
-62.25 -67.9062 -67.3438 -81.5312 5.2
-65 -70 -69.8125 -82.25 5.2
-71.381 -69.0952 -70.2381 -81.8095 5.3
-71.4286 -69.1905 -68.9524 -80.1905 5.3
-70.4762 -69.9048 -69.1429 -79.2857 5.3
-72.0476 -70.5714 -72.2381 -81.1429 5.3
-69.7619 -67.8571 -67.3333 -78.1905 5.3
-70.4286 -67.8571 -67.9524 -78.9048 5.3
-71.0476 -68.1429 -69.1905 -79.6667 5.3
-71.7143 -69.1905 -69.3333 -79 5.3
-71.2381 -68.3333 -68.619 -78.619 5.3
-72.0476 -69.2857 -69.1905 -78.4762 5.3
-65.875 -72.875 -81.125 -73.125 5.4
-65.875 -73 -81.375 -73.125 5.4
-70.5 -74.5 -82.125 -76.875 5.4
-72.25 -74.75 -82.75 -76.375 5.4
-71 -76.25 -80.25 -77 5.4
-71.625 -76 -81.875 -77.5 5.4
-70.5 -76 -81.625 -78.25 5.4
-71.5 -73.25 -79.625 -76.25 5.4
-72.5 -73.75 -78.125 -74.875 5.4
-69.125 -72.25 -77.625 -73.875 5.4
-71.25 -73.0625 -75.3125 -78.5 5.5
-71.875 -72.625 -77.125 -80 5.5
-70.6875 -71.9375 -75.5 -78.5 5.5
-69.0625 -71.1875 -74.5625 -77.1875 5.5
-68.625 -71.125 -74.5625 -76.75 5.5
-68.75 -70.75 -74.125 -77.625 5.5
-68.875 -70.4375 -74.0625 -76.9375 5.5
-68.5625 -71.5 -73.75 -76.8125 5.5
-68.5625 -72.0625 -74.25 -77.125 5.5
-68.4375 -71.5 -74.1875 -77.1875 5.5
-77.25 -72.125 -71.625 -86.375 6.1
-76 -69.75 -70.625 -85.625 6.1
-76.375 -69 -70.125 -85.75 6.1
-77.125 -67.875 -70.5 -84.875 6.1
-75.625 -66.75 -68.875 -83.75 6.1
-77.5 -68.5 -70.875 -85.25 6.1
-76.5 -68.375 -70.625 -85.625 6.1
-76 -67.875 -68.875 -85.25 6.1
-73.75 -68.5 -68.75 -85.5 6.1
-74.375 -69.875 -68.25 -87.125 6.1
-65.4167 -70.75 -71.0833 -74.25 6.2
-64.6667 -68.25 -69.5833 -73.4167 6.2
-64.3333 -70.25 -70.6667 -73.1667 6.2
-66 -70.75 -71.6667 -74.3333 6.2
-64.6667 -66.6667 -69.25 -73 6.2
-67 -67.9167 -71.9167 -74.5833 6.2
-65.1667 -66.25 -69.75 -73.5833 6.2
-66.0833 -67.5 -70.25 -73.8333 6.2
-65.0833 -68.0833 -72.5833 -73.5833 6.2
-63.0833 -63.75 -67.4167 -71.9167 6.2
-67.3333 -70.7778 -76.7778 -85 6.3
-67.7778 -72.2222 -77.5556 -85.3333 6.3
-65.4444 -69.8889 -75.6667 -84 6.3
-68.4444 -71.3333 -77.7778 -83.3333 6.3
-65.4444 -69.5556 -75 -85 6.3
-66.5556 -70.3333 -75.3333 -85.7778 6.3
-66.4444 -71.6667 -75.3333 -85.5556 6.3
-68.4444 -69.6667 -77 -83.6667 6.3
-66 -68.1111 -75.3333 -83.3333 6.3
-67.2222 -69.8889 -76.7778 -83.7778 6.3
-71 -69.3333 -63.6667 -77 6.4
-67.3333 -69.3333 -63 -74.6667 6.4
-70 -72 -66.3333 -76.6667 6.4
-70 -79 -65.6667 -74.3333 6.4
-72 -74.3333 -66.3333 -74.3333 6.4
-73 -74.3333 -65.6667 -76.6667 6.4
-73 -79 -66.3333 -76.6667 6.4
-74 -72 -65.6667 -74.3333 6.4
-74 -76.6667 -66.3333 -74.3333 6.4
-71.3333 -75.6667 -65 -78.3333 6.4
-66.9 -68.9 -72.3 -72 6.5
-67 -69 -72.6 -73.4 6.5
-66.2 -71 -73.6 -72.8 6.5
-66 -71 -69.8 -72 6.5
-66.8 -70.9 -73.7 -72 6.5
-67 -71.1 -69.9 -72 6.5
-66 -71 -73.5 -73 6.5
-66 -71 -70 -73 6.5
-67 -71.6 -73.4 -73 6.5
-67.3 -71.2 -70 -73.6 6.5
-74.5 -75.5 -81.5 -74.5 7.1
-77 -79.5 -85 -78.5 7.1
-73 -76.5 -81.5 -74.5 7.1
-76 -81 -83.5 -78.5 7.1
-73 -75.5 -82.5 -72.5 7.1
-74 -80.5 -84.5 -75.5 7.1
-72.5 -78 -80.5 -73.5 7.1
-77.5 -82 -84.5 -79.5 7.1
-75.5 -79.5 -82.5 -77.5 7.1
-75 -80 -83.5 -78 7.1
-79.0435 -69.1739 -69.7391 -78.2609 7.2
-79.1739 -69.6087 -69.9565 -78.6087 7.2
-78.6522 -67.5652 -67.7391 -78.1304 7.2
-77.5652 -66.3478 -66.2174 -76.7826 7.2
-77.0435 -66.4783 -66.8261 -77.6957 7.2
-77.8696 -66.5652 -66.1304 -77.0435 7.2
-77.3043 -67.1739 -67 -77.4348 7.2
-78 -67.0435 -67.087 -77.6087 7.2
-76.1739 -65.8696 -67 -77.913 7.2
-76.4783 -66.3478 -66.4783 -77.1304 7.2
-74.5 -77.9 -74.5 -75.6 7.3
-75.4 -77.6 -75.1 -76.3 7.3
-74.3 -75.6 -73.5 -74.5 7.3
-78.6 -74.7 -73.6 -72.9 7.3
-74.7 -74.8 -73.1 -73 7.3
-77 -77.4 -74.2 -75.1 7.3
-75.6 -75.1 -73.2 -73.5 7.3
-75.5 -77.7 -75.1 -76.3 7.3
-75.8 -77.2 -75.3 -77.1 7.3
-75.8 -77.2 -75.1 -76.4 7.3
-84.7143 -78.7143 -72.2857 -73.7143 7.4
-82 -79.8571 -73.4286 -72.1429 7.4
-83.8571 -79.1429 -72.5714 -74.1429 7.4
-83.7143 -78.8571 -72.7143 -74.4286 7.4
-83.1429 -77.7143 -73 -73.4286 7.4
-82.2857 -78.1429 -73.2857 -73 7.4
-79.2857 -77.4286 -74.4286 -71.4286 7.4
-82.2857 -77.4286 -73.5714 -72.5714 7.4
-84.4286 -77.7143 -74.1429 -73.4286 7.4
-82.2857 -76.5714 -73.4286 -73 7.4
-71.5 -67 -75.5 -71.5 7.5
-71 -66.5 -74 -70.5 7.5
-70 -65 -74 -70.5 7.5
-71 -67 -74.5 -73 7.5
-70.5 -65 -73.5 -69.5 7.5
-70.5 -65.5 -73.5 -70.5 7.5
-70 -65 -73.5 -69.5 7.5
-70 -65.5 -74 -70.5 7.5
-70.5 -65.5 -73.5 -71 7.5
-70 -65.5 -73 -70.5 7.5
-82.5 -77 -82 -89.5 8.1
-82.5 -75 -80 -92 8.1
-84 -73.5 -80.5 -89 8.1
-86.5 -77 -80.5 -90.5 8.1
-84.5 -74.5 -78.5 -87 8.1
-81.5 -73.5 -78 -83.5 8.1
-82 -73 -78 -83 8.1
-81 -74.5 -77.5 -83.5 8.1
-83.5 -75 -78.5 -80.5 8.1
-85 -74.5 -79 -82 8.1
-77 -68.4444 -82.6667 -80.4444 8.2
-74.5556 -68.1111 -83.5556 -80.2222 8.2
-79 -72 -84.2222 -82.3333 8.2
-75.3333 -67.6667 -81.8889 -80.4444 8.2
-75.6667 -66.8889 -82.1111 -79.7778 8.2
-77.3333 -69.2222 -83.7778 -81.4444 8.2
-77.8889 -72.7778 -83.8889 -82.3333 8.2
-76.7778 -69.6667 -83.1111 -80.2222 8.2
-76.7778 -69.8889 -82.7778 -80.5556 8.2
-77.7778 -71 -83.4444 -81 8.2
-77.4286 -74.7143 -84.4286 -78.1429 8.3
-76.5714 -74.1429 -84.5714 -76.7143 8.3
-77.7143 -74.1429 -85.5714 -77.8571 8.3
-76.4286 -73.1429 -86.7143 -77.5714 8.3
-74.8571 -72.4286 -88.7143 -73.8571 8.3
-74.8571 -70.7143 -85.7143 -71.2857 8.3
-75.7143 -71.7143 -87.5714 -72.7143 8.3
-75.5714 -73.1429 -88.7143 -70.7143 8.3
-73.8571 -69.7143 -84.5714 -69.7143 8.3
-75 -71.5714 -84.8571 -74.8571 8.3
-71.75 -72.25 -75.5 -84.75 8.4
-70.875 -71.125 -74.625 -84.875 8.4
-69.875 -71.125 -73.625 -83.5 8.4
-69.875 -71.5 -74 -83.875 8.4
-70.125 -71.375 -73.375 -83.875 8.4
-70.875 -70.75 -73.75 -83.625 8.4
-71.75 -72.625 -74.25 -83.625 8.4
-71.125 -72.125 -74.125 -83.5 8.4
-69.625 -70.625 -72.25 -82.75 8.4
-72.25 -72.25 -74.75 -85.125 8.4
-67.5 -67.875 -75.5 -90.25 8.5
-66.625 -68.625 -75.125 -89.125 8.5
-67.75 -70 -75.25 -89.375 8.5
-68.125 -70 -75.375 -89.75 8.5
-69.25 -69.875 -75.5 -88.875 8.5
-65.75 -69.875 -74.625 -89.75 8.5
-69 -73.125 -76.125 -89 8.5
-69 -72.5 -76 -88.5 8.5
-69.75 -72.5 -76.125 -89 8.5
-69.875 -72 -75.875 -89.125 8.5
-80.25 -81 -74.5 -72.75 9.1
-79.75 -81 -74.25 -72.25 9.1
-79.75 -80.75 -74.75 -72.5 9.1
-79.75 -81 -75.25 -73.25 9.1
-80 -81.25 -74.5 -74 9.1
-79 -80.25 -74.25 -74 9.1
-78.5 -80 -73 -73 9.1
-76.75 -79.5 -69.5 -69.25 9.1
-79 -82.25 -72 -70.25 9.1
-81 -81.75 -73.75 -71.25 9.1
-81.1667 -77 -75.6667 -73.3333 9.2
-81.3333 -77.1667 -75.8333 -72.6667 9.2
-82.1667 -77.6667 -75.8333 -73.3333 9.2
-81 -77.1667 -75.1667 -72.1667 9.2
-82.1667 -76.8333 -75.3333 -73.8333 9.2
-80.8333 -75 -74 -70.8333 9.2
-81.8333 -76.5 -74.8333 -72 9.2
-80 -75.5 -75.3333 -71.5 9.2
-78.5 -76.5 -75.1667 -73 9.2
-79 -76.5 -74.8333 -73.3333 9.2
-81 -72.5714 -72.4286 -67 9.3
-84 -74.2857 -73.1429 -68 9.3
-84.5714 -73 -70.8571 -67.4286 9.3
-83.7143 -71.7143 -71.8571 -65.5714 9.3
-83.7143 -71 -69.2857 -64.4286 9.3
-85.2857 -73.5714 -72.7143 -68 9.3
-84.5714 -73.5714 -72.4286 -68.4286 9.3
-84.2857 -74.4286 -74.1429 -69 9.3
-84.2857 -73.2857 -73.7143 -68 9.3
-84.5714 -72.2857 -71.2857 -65.5714 9.3
-70.5 -74.9091 -60.1364 -70.3636 9.4
-70.6364 -78.2727 -61.7273 -71.8182 9.4
-69.2273 -76.7727 -61.3182 -70.9545 9.4
-69.0909 -77.7727 -61.5 -70.3636 9.4
-66.2727 -76.7727 -59.4091 -68 9.4
-66.7727 -76.1818 -59.0455 -68.3182 9.4
-66.3636 -76.4545 -60.1364 -67.0455 9.4
-65.9091 -75.5 -59 -67.6818 9.4
-66.9545 -75.4091 -59.2273 -67.6364 9.4
-67.2727 -75 -58.5455 -67.6364 9.4
-72 -84 -68 -71 9.5
-75.5 -85.5 -71.5 -76.5 9.5
-70 -83.5 -68.5 -73 9.5
-76.5 -87 -71.5 -76.5 9.5
-72 -83.5 -68 -71 9.5
-74.5 -84.5 -71 -76.5 9.5
-75 -85.5 -71 -75.5 9.5
-72 -83 -68 -70 9.5
-72.5 -84.5 -70 -73 9.5
-74.5 -85 -70 -76 9.5
-85.9333 -73.0667 -71.2 -59.4 10.1
-86.6 -72.8 -72.0667 -59.7333 10.1
-86.7333 -71.4 -71.9333 -59 10.1
-86.6 -73.6667 -72.0667 -56.3333 10.1
-86.6667 -71.7333 -72.0667 -55.3333 10.1
-85.6 -73.3333 -67.4 -60 10.1
-85.6 -74.8 -68.3333 -60.4 10.1
-85.4 -72.6 -68.3333 -61 10.1
-86 -75.2 -68.3333 -56.8 10.1
-85.6 -72.2 -68.3333 -54 10.1
-76.8333 -75 -73 -66.8333 10.2
-78 -74.6667 -73.3333 -67 10.2
-76.5 -73.6667 -72 -65.8333 10.2
-76.8333 -74.1667 -72.6667 -66.5 10.2
-77.1667 -75 -73.3333 -66.5 10.2
-77.3333 -74.3333 -72.6667 -66.1667 10.2
-76 -73.6667 -71.3333 -65.5 10.2
-76.8333 -74.6667 -72.1667 -66 10.2
-76.6667 -73.1667 -71.6667 -65.3333 10.2
-75.5 -72.3333 -71.1667 -64.6667 10.2
-73.8182 -75 -70.0909 -64 10.3
-73.9091 -75 -69.3636 -64.0909 10.3
-71.0909 -74.8182 -67 -61.8182 10.3
-72.2727 -73.7273 -67.9091 -63.3636 10.3
-71.6364 -73.6364 -67.6364 -62.9091 10.3
-74.3636 -75.9091 -69.6364 -65.0909 10.3
-75.0909 -76.2727 -69.3636 -64.9091 10.3
-74.7273 -75.7273 -69.5455 -64.5455 10.3
-72.6364 -73.2727 -66.3636 -61.6364 10.3
-73.5455 -75 -69.1818 -64.1818 10.3
-78.5 -82 -56.25 -68 10.4
-78.5 -81.5 -56.25 -67 10.4
-76.75 -83.75 -53.75 -65 10.4
-80.25 -81.75 -56 -67.5 10.4
-79.25 -83 -56 -67 10.4
-77.25 -84.25 -53.5 -66.5 10.4
-79.75 -84.5 -57.5 -68.75 10.4
-79.25 -84 -56.5 -68 10.4
-79.25 -84.25 -56.75 -68 10.4
-79.25 -84 -57.25 -68 10.4
-81.3333 -82.3333 -48 -80.3333 10.5
-77.6667 -82.3333 -45 -76.3333 10.5
-78.3333 -84.3333 -43.3333 -75.6667 10.5
-76 -80.6667 -43.6667 -77.3333 10.5
-81.3333 -82 -48 -81.3333 10.5
-80.3333 -81.6667 -47.3333 -80 10.5
-77.6667 -80.6667 -44.6667 -77 10.5
-76 -80 -43 -75.3333 10.5
-77.6667 -83 -45.3333 -78.3333 10.5
-76 -81.6667 -44.3333 -77 10.5
