-46.7119 -74.1356 -77.7203 -86.0424 1.1
-46.2542 -73.9831 -77.0593 -83.9322 1.1
-46.3305 -74.1017 -77.3475 -83.8814 1.1
-46.6441 -74.1441 -77.1610 -83.7203 1.1
-46.5678 -74.1864 -77.1441 -84.1186 1.1
-46.2542 -74.4153 -77.7288 -84.6017 1.1
-45.8559 -73.9237 -76.7797 -83.4068 1.1
-46.1186 -74.2288 -77.1017 -83.7034 1.1
-46.9237 -73.9576 -77.1271 -84.2542 1.1
-46.3644 -73.6695 -76.9068 -84.2288 1.1
-52.2000 -52.5412 -78.2588 -88.7294 1.2
-52.5529 -53.2235 -78.3765 -90.0706 1.2
-51.8706 -53.4353 -78.0235 -89.2235 1.2
-51.7765 -52.2588 -77.6000 -89.9176 1.2
-51.2824 -52.5765 -78.1529 -88.8941 1.2
-51.3294 -53.0824 -78.6588 -89.3765 1.2
-51.6941 -52.9647 -78.2118 -88.7294 1.2
-52.3647 -53.0706 -78.2353 -89.3529 1.2
-52.4706 -52.7882 -78.3882 -89.3529 1.2
-51.8000 -52.7294 -78.2471 -89.5529 1.2
-62.8125 -61.9688 -85.5234 -83.8281 1.3
-61.2812 -62.1250 -83.9062 -82.4375 1.3
-61.3281 -62.1562 -84.3906 -83.0781 1.3
-61.9453 -62.1328 -85.4141 -83.2109 1.3
-63.3125 -62.7891 -86.8594 -83.7266 1.3
-62.3203 -61.9922 -85.1406 -83.4453 1.3
-62.3359 -61.6406 -84.5547 -85.5938 1.3
-61.9141 -61.7188 -85.3906 -85.7422 1.3
-62.2891 -61.9844 -85.4688 -85.3516 1.3
-62.1250 -61.5078 -85.2656 -85.6953 1.3
-63.7209 -45.4571 -71.8834 -76.6104 1.4
-63.8436 -45.4018 -72.7025 -77.0951 1.4
-64.2393 -45.7239 -72.3712 -76.8160 1.4
-65.0123 -46.3006 -72.8742 -77.2393 1.4
-64.5767 -46.8160 -72.7239 -77.6104 1.4
-63.9172 -45.7117 -72.3558 -77.2546 1.4
-63.9755 -45.3712 -72.7454 -77.1350 1.4
-63.8282 -45.6166 -72.5399 -77.1503 1.4
-65.3773 -46.4847 -73.3129 -77.6288 1.4
-63.9202 -45.6718 -72.3896 -77.3037 1.4
-61.4333 -54.2111 -86.0778 -79.0889 1.5
-62.8778 -55.3222 -86.4778 -79.5111 1.5
-62.9000 -54.6111 -85.7222 -79.8556 1.5
-62.3333 -54.6000 -86.1111 -79.5556 1.5
-62.7222 -56.7111 -86.7000 -79.9222 1.5
-63.4333 -56.7333 -85.7444 -80.9444 1.5
-62.7444 -55.5778 -86.4778 -80.2333 1.5
-63.2111 -54.6444 -86.1111 -79.7000 1.5
-62.5444 -54.6333 -86.1222 -79.5444 1.5
-62.2444 -55.0000 -85.9111 -79.6222 1.5
-79.7105 -74.6645 -65.1513 -48.0263 10.1
-79.0197 -73.8355 -64.8618 -47.6711 10.1
-77.8158 -74.2632 -65.1842 -47.7500 10.1
-77.5197 -74.0461 -65.1842 -48.0329 10.1
-77.3816 -74.0000 -65.4079 -48.2105 10.1
-78.4013 -74.5921 -65.7632 -48.8750 10.1
-80.0921 -75.2829 -65.6842 -48.5592 10.1
-78.7500 -74.5263 -65.3947 -47.6250 10.1
-80.1513 -75.0987 -66.5132 -48.7566 10.1
-79.5263 -74.5329 -65.5724 -47.9013 10.1
-67.5917 -74.9333 -73.4917 -70.8417 10.2
-69.5833 -74.4500 -73.3833 -70.2000 10.2
-66.2583 -74.2000 -73.3917 -70.1083 10.2
-66.6500 -74.0667 -73.6083 -70.6667 10.2
-66.2417 -74.1250 -74.9167 -70.2917 10.2
-66.4500 -73.9417 -74.5667 -70.4667 10.2
-66.2000 -74.1833 -73.3333 -70.2167 10.2
-66.5917 -74.2417 -73.4000 -70.5000 10.2
-66.8500 -74.4250 -73.6833 -70.4750 10.2
-66.4250 -74.0750 -73.5417 -70.2083 10.2
-74.4803 -72.3386 -69.5669 -71.9134 10.3
-73.6850 -71.5669 -68.5669 -71.2835 10.3
-74.1811 -71.9685 -68.7953 -71.5669 10.3
-74.1890 -72.0866 -68.9685 -71.5748 10.3
-73.6378 -71.7323 -69.1339 -71.5118 10.3
-73.9606 -71.7008 -68.5827 -71.2126 10.3
-73.0472 -70.7008 -68.1024 -70.8189 10.3
-73.0315 -70.7559 -68.3543 -70.7638 10.3
-72.9921 -70.7480 -68.1260 -70.8819 10.3
-73.1811 -70.9055 -68.2126 -71.1969 10.3
-70.5412 -74.9608 -63.0353 -75.2745 10.4
-69.6745 -74.1804 -62.3961 -74.5647 10.4
-69.8118 -74.8235 -62.3059 -74.2784 10.4
-70.5882 -75.3490 -63.0314 -75.1686 10.4
-69.4941 -74.5961 -62.2627 -74.3882 10.4
-68.0353 -73.8941 -61.4000 -73.7804 10.4
-69.0000 -73.8000 -61.4039 -73.7882 10.4
-68.1804 -73.8078 -61.4039 -73.8157 10.4
-68.6627 -74.6588 -61.3176 -72.8392 10.4
-69.2000 -75.0627 -61.8588 -73.1137 10.4
-66.3099 -73.6901 -47.8169 -76.6761 10.5
-66.5352 -74.0986 -47.9577 -77.2817 10.5
-67.1268 -74.1972 -48.1690 -77.2394 10.5
-66.9155 -74.2676 -48.6338 -77.0282 10.5
-67.3380 -74.2535 -48.3662 -77.3803 10.5
-66.9859 -74.1127 -48.2817 -77.1690 10.5
-66.5493 -74.0423 -48.1690 -76.9437 10.5
-67.4507 -74.8310 -48.0000 -77.6761 10.5
-67.8592 -74.4648 -48.9437 -77.5352 10.5
-66.9577 -74.0704 -48.3380 -77.4930 10.5
-56.4727 -67.9196 -76.2219 -84.4791 2.1
-56.8392 -67.8489 -76.2605 -84.2894 2.1
-56.5949 -67.6785 -75.7363 -84.2958 2.1
-56.8875 -67.7653 -76.4920 -84.5949 2.1
-57.0868 -68.8199 -76.5048 -84.5434 2.1
-56.6752 -68.7621 -76.1158 -84.5209 2.1
-56.8939 -68.2669 -76.3633 -84.5531 2.1
-57.3248 -68.7331 -76.7524 -84.5820 2.1
-56.7106 -68.1736 -76.1608 -84.2315 2.1
-57.1254 -68.2026 -76.4534 -84.6688 2.1
-59.8431 -75.8824 -73.4706 -83.7843 2.2
-59.6471 -71.9608 -73.0980 -84.2353 2.2
-59.7451 -71.1569 -72.8627 -83.2353 2.2
-59.2353 -76.0392 -73.3725 -84.2549 2.2
-58.6667 -78.2941 -74.9412 -85.8431 2.2
-57.6275 -77.0784 -74.7843 -85.4902 2.2
-58.8235 -78.5686 -75.5882 -86.1176 2.2
-58.3333 -77.3137 -75.0196 -85.9020 2.2
-58.2745 -72.8824 -74.8824 -85.5882 2.2
-58.2157 -73.0784 -74.5490 -86.0784 2.2
-58.8333 -57.5000 -76.5300 -89.1667 2.3
-59.6667 -57.6667 -76.5300 -91.6667 2.3
-58.5000 -57.8333 -76.5300 -91.8333 2.3
-57.3333 -56.6667 -76.5300 -90.6667 2.3
-61.5000 -57.5000 -76.5300 -92.1667 2.3
-59.8333 -56.5000 -76.5300 -92.0000 2.3
-60.8333 -57.6667 -76.5300 -90.6667 2.3
-58.5000 -57.3333 -76.5300 -93.5000 2.3
-59.0000 -58.0000 -76.5300 -93.1667 2.3
-58.6667 -59.1667 -76.5300 -93.3333 2.3
-70.8000 -65.4000 -82.9200 -79.0000 2.4
-68.2000 -65.0000 -82.9200 -79.0000 2.4
-67.6000 -64.8000 -82.9200 -78.6000 2.4
-71.0000 -65.0000 -82.9200 -79.6000 2.4
-69.0000 -68.8000 -82.9200 -80.2000 2.4
-69.4000 -64.0000 -82.9200 -77.2000 2.4
-69.4000 -66.6000 -82.9200 -78.2000 2.4
-66.4000 -67.2000 -82.9200 -79.0000 2.4
-70.2000 -65.4000 -82.9200 -79.2000 2.4
-69.8000 -65.6000 -82.9200 -78.2000 2.4
-65.5000 -57.5000 -81.1500 -76.0000 2.5
-65.5000 -56.0000 -81.1500 -75.5000 2.5
-67.0000 -58.0000 -81.1500 -77.0000 2.5
-66.0000 -54.0000 -81.1500 -76.0000 2.5
-65.5000 -57.0000 -81.1500 -77.0000 2.5
-63.0000 -54.5000 -81.1500 -75.5000 2.5
-65.0000 -57.5000 -81.1500 -75.5000 2.5
-70.5000 -55.0000 -81.1500 -74.5000 2.5
-66.0000 -59.0000 -81.1500 -74.0000 2.5
-65.0000 -56.5000 -81.1500 -79.5000 2.5
-69.6667 -71.0000 -78.0300 -76.3333 3.1
-73.0000 -68.3333 -78.0300 -86.3333 3.1
-72.0000 -69.3333 -78.0300 -85.0000 3.1
-73.0000 -68.6667 -78.0300 -85.6667 3.1
-74.3333 -68.3333 -78.0300 -86.3333 3.1
-73.0000 -67.0000 -78.0300 -85.6667 3.1
-71.0000 -67.3333 -78.0300 -86.0000 3.1
-72.0000 -66.3333 -78.0300 -83.6667 3.1
-72.3333 -66.6667 -78.0300 -85.3333 3.1
-72.3333 -66.6667 -78.0300 -85.0000 3.1
-65.0000 -64.0000 -76.2000 -82.0000 3.2
-62.0000 -64.0000 -76.2000 -85.0000 3.2
-60.0000 -65.0000 -76.2000 -85.0000 3.2
-57.0000 -66.0000 -76.2000 -78.0000 3.2
-58.0000 -61.0000 -76.2000 -81.0000 3.2
-58.0000 -65.0000 -76.2000 -79.0000 3.2
-57.0000 -65.0000 -76.2000 -80.0000 3.2
-57.0000 -66.0000 -76.2000 -82.0000 3.2
-58.0000 -65.0000 -76.2000 -80.0000 3.2
-58.0000 -65.0000 -76.2000 -81.0000 3.2
-67.0000 -55.0000 -78.3200 -85.0000 3.3
-72.0000 -58.0000 -78.3200 -88.0000 3.3
-69.0000 -53.0000 -78.3200 -88.0000 3.3
-71.0000 -57.0000 -78.3200 -89.0000 3.3
-71.0000 -58.0000 -78.3200 -88.0000 3.3
-67.0000 -55.0000 -78.3200 -87.0000 3.3
-71.0000 -58.0000 -78.3200 -86.0000 3.3
-69.0000 -55.0000 -78.3200 -86.0000 3.3
-72.0000 -58.0000 -78.3200 -87.0000 3.3
-71.0000 -58.0000 -78.3200 -84.0000 3.3
-69.0000 -64.6667 -72.9000 -82.6667 3.4
-69.0000 -63.6667 -72.9000 -80.6667 3.4
-68.0000 -59.6667 -72.9000 -79.3333 3.4
-67.3333 -69.0000 -72.9000 -81.0000 3.4
-70.6667 -63.0000 -72.9000 -80.0000 3.4
-67.0000 -62.3333 -72.9000 -78.0000 3.4
-69.3333 -64.0000 -72.9000 -81.0000 3.4
-67.3333 -61.6667 -72.9000 -78.6667 3.4
-66.3333 -62.6667 -72.9000 -79.3333 3.4
-66.6667 -65.0000 -72.9000 -80.6667 3.4
-69.2500 -67.2500 -78.8000 -82.5000 3.5
-68.2500 -64.2500 -78.2000 -82.5000 3.5
-69.3500 -69.2500 -78.6700 -82.4000 3.5
-69.2500 -70.2500 -77.8000 -82.5220 3.5
-72.2500 -64.2500 -77.8000 -82.5000 3.5
-69.2500 -67.2500 -78.8000 -82.5000 3.5
-68.2500 -64.2500 -78.2000 -82.5000 3.5
-69.3500 -69.2500 -78.6700 -82.4000 3.5
-69.2500 -70.2500 -77.8000 -82.5220 3.5
-72.2500 -64.2500 -77.8000 -82.5000 3.5
-79.9779 -71.1912 -75.1029 -81.8088 4.1
-78.1324 -72.7500 -75.1324 -81.8529 4.1
-76.3971 -71.0000 -74.0000 -79.3971 4.1
-75.8750 -71.1324 -74.0000 -79.6029 4.1
-76.4118 -71.5882 -74.7353 -80.0882 4.1
-77.8676 -71.0515 -73.6618 -80.1912 4.1
-75.9044 -72.1176 -74.3676 -81.1912 4.1
-77.9118 -72.8603 -74.7647 -81.7353 4.1
-78.1471 -72.9412 -74.5735 -81.8529 4.1
-78.5147 -73.4265 -75.7574 -82.4485 4.1
-67.4444 -67.5556 -74.0556 -79.8889 4.2
-67.6667 -66.6667 -73.7222 -79.4444 4.2
-71.4444 -63.3889 -73.9444 -78.7778 4.2
-69.5556 -62.1667 -73.8333 -75.8333 4.2
-69.0556 -62.0000 -73.6111 -74.9444 4.2
-69.3889 -63.5000 -73.6111 -76.1667 4.2
-68.1667 -63.0000 -73.1667 -76.7778 4.2
-68.2222 -63.0556 -73.9444 -76.3889 4.2
-68.3889 -65.2778 -74.2222 -76.7778 4.2
-71.3889 -62.8889 -75.2778 -79.8333 4.2
-79.0000 -70.5000 -88.5000 -88.0000 4.3
-83.0000 -71.0000 -85.5000 -87.0000 4.3
-80.0000 -71.5000 -88.0000 -83.5000 4.3
-76.5000 -70.5000 -88.0000 -83.0000 4.3
-77.0000 -73.0000 -85.0000 -85.5000 4.3
-78.0000 -70.5000 -87.5000 -86.5000 4.3
-78.0000 -72.5000 -84.5000 -87.5000 4.3
-76.5000 -71.5000 -87.0000 -85.0000 4.3
-76.5000 -71.0000 -81.5000 -83.5000 4.3
-77.5000 -69.5000 -87.0000 -84.5000 4.3
-66.5000 -63.0000 -81.0000 -79.7500 4.4
-66.2500 -62.2500 -81.5000 -80.5000 4.4
-69.0000 -63.2500 -82.0000 -81.7500 4.4
-69.5000 -64.0000 -83.0000 -82.0000 4.4
-69.7500 -64.7500 -83.0000 -82.5000 4.4
-71.5000 -63.5000 -83.5000 -80.7500 4.4
-70.2500 -63.5000 -81.5000 -81.2500 4.4
-65.0000 -61.7500 -79.7500 -80.2500 4.4
-63.0000 -60.5000 -79.7500 -78.0000 4.4
-63.2500 -60.5000 -79.2500 -79.0000 4.4
-67.8333 -65.8333 -79.3333 -91.3333 4.5
-70.0000 -67.0000 -77.0000 -94.0000 4.5
-66.8333 -63.5000 -79.1667 -92.6667 4.5
-67.0000 -62.1667 -77.5000 -92.3333 4.5
-69.0000 -64.6667 -80.0000 -94.0000 4.5
-69.5000 -62.6667 -78.5000 -92.6667 4.5
-67.6667 -65.0000 -76.8333 -89.1667 4.5
-66.6667 -62.1667 -78.3333 -93.0000 4.5
-67.3333 -63.0000 -76.8333 -91.3333 4.5
-66.6667 -62.3333 -77.3333 -91.8333 4.5
-69.2857 -65.1429 -77.1429 -83.1429 5.1
-68.5714 -65.2857 -76.7143 -81.8571 5.1
-66.1429 -64.4286 -76.0000 -80.0000 5.1
-65.1429 -62.4286 -75.2857 -78.5714 5.1
-65.7143 -63.0000 -76.1429 -81.1429 5.1
-65.0000 -61.4286 -75.0000 -79.2857 5.1
-65.0000 -62.8571 -75.4286 -80.8571 5.1
-65.1429 -62.0000 -75.5714 -79.8571 5.1
-71.0000 -66.1429 -79.1429 -82.8571 5.1
-68.8571 -63.1429 -75.2857 -79.4286 5.1
-68.8889 -76.6667 -74.7778 -82.0000 5.2
-68.0000 -76.8889 -74.8889 -82.0000 5.2
-68.1111 -76.4444 -75.0000 -82.3333 5.2
-70.0000 -75.4444 -74.0000 -81.5556 5.2
-67.5556 -76.0000 -72.3333 -80.8889 5.2
-68.4444 -76.6667 -73.3333 -82.3333 5.2
-68.2222 -76.3333 -73.0000 -82.4444 5.2
-67.3333 -76.3333 -72.1111 -82.1111 5.2
-68.5556 -75.8889 -72.4444 -81.6667 5.2
-69.4444 -76.7778 -74.6667 -82.6667 5.2
-67.1429 -70.4286 -76.2857 -79.5714 5.3
-67.0000 -71.0000 -75.2857 -79.8571 5.3
-68.0000 -71.0000 -75.5714 -81.5714 5.3
-67.8571 -70.8571 -75.7143 -80.7143 5.3
-66.8571 -69.8571 -75.5714 -80.5714 5.3
-68.2857 -70.2857 -75.8571 -81.2857 5.3
-68.5714 -73.1429 -75.8571 -82.1429 5.3
-66.8571 -70.8571 -75.0000 -82.0000 5.3
-64.8571 -68.5714 -72.8571 -80.4286 5.3
-67.0000 -70.2857 -74.2857 -81.8571 5.3
-73.6444 -68.6444 -75.2222 -86.1556 5.4
-74.2000 -68.8000 -75.4444 -87.0889 5.4
-74.2667 -69.4222 -76.1556 -86.8000 5.4
-74.4667 -69.7333 -76.2444 -87.0222 5.4
-73.2000 -68.1333 -74.6222 -85.7778 5.4
-71.9778 -66.4222 -73.6222 -83.7778 5.4
-72.0000 -66.8000 -73.1778 -84.1556 5.4
-72.7333 -66.2000 -72.8667 -85.2222 5.4
-71.7333 -66.0222 -73.5556 -84.3556 5.4
-72.7778 -67.5778 -74.4444 -85.2222 5.4
-62.7500 -65.2500 -83.2500 -90.7500 5.5
-62.5500 -64.2500 -83.2500 -91.7500 5.5
-64.7500 -65.6500 -83.3500 -90.3500 5.5
-61.7500 -65.2530 -84.2500 -90.1500 5.5
-63.7500 -65.2500 -83.2500 -92.7500 5.5
-62.7500 -65.2500 -83.2500 -90.7500 5.5
-62.5500 -64.2500 -83.2500 -91.7500 5.5
-64.7500 -65.6500 -83.3500 -90.3500 5.5
-61.7500 -65.2530 -84.2500 -90.1500 5.5
-63.7500 -65.2500 -83.2500 -92.7500 5.5
-73.1613 -70.4194 -77.0000 -81.8065 6.1
-73.5484 -70.3871 -76.8387 -82.7097 6.1
-75.8710 -72.3548 -77.7097 -85.4194 6.1
-75.0968 -71.7742 -77.0645 -85.0323 6.1
-73.9677 -70.6452 -76.6129 -83.5806 6.1
-72.0000 -68.2258 -76.7097 -80.9355 6.1
-72.5806 -68.9677 -76.7742 -82.4194 6.1
-73.5484 -69.8710 -76.7742 -82.7419 6.1
-73.1613 -69.7419 -76.7742 -82.7097 6.1
-73.0645 -69.8065 -77.0000 -82.7742 6.1
-63.2143 -63.3571 -79.8571 -78.7857 6.2
-57.9286 -62.0714 -79.3571 -79.7143 6.2
-57.0000 -61.3571 -78.0714 -79.4286 6.2
-58.3571 -62.2857 -78.5714 -80.8571 6.2
-58.8571 -63.4286 -79.2857 -81.7143 6.2
-60.6429 -64.5000 -79.2857 -82.7143 6.2
-60.0000 -65.0714 -79.0000 -82.7857 6.2
-58.7857 -63.1429 -79.2143 -81.5714 6.2
-59.2143 -63.8571 -79.6429 -81.7857 6.2
-59.2143 -63.6429 -79.2857 -82.6429 6.2
-55.6667 -62.3889 -82.5556 -82.6111 6.3
-57.2778 -63.7222 -83.2778 -83.7778 6.3
-57.1111 -64.1111 -84.0000 -85.8333 6.3
-55.9444 -63.2778 -82.7222 -84.2778 6.3
-56.9444 -64.4444 -83.8333 -85.4444 6.3
-55.7222 -62.9444 -83.5556 -83.3333 6.3
-56.2222 -63.7222 -83.2222 -84.3889 6.3
-56.0000 -63.3889 -82.5556 -83.8889 6.3
-59.5556 -64.0000 -83.3889 -84.8333 6.3
-56.6667 -63.2222 -82.1667 -84.4444 6.3
-60.7500 -62.1250 -74.1250 -90.0000 6.4
-61.0000 -62.5000 -74.2500 -91.0000 6.4
-61.0000 -61.7500 -75.0000 -90.8750 6.4
-60.5000 -62.1250 -74.0000 -91.5000 6.4
-60.8750 -62.1250 -74.7500 -92.7500 6.4
-61.0000 -62.2500 -74.2500 -91.1250 6.4
-61.0000 -62.7500 -76.1250 -90.6250 6.4
-61.6250 -62.2500 -74.1250 -89.6250 6.4
-60.8750 -62.0000 -75.0000 -90.3750 6.4
-60.8750 -62.1250 -74.3750 -89.7500 6.4
-63.5000 -73.5000 -70.8333 -83.0000 6.5
-63.6667 -73.5000 -70.8333 -83.8333 6.5
-60.8333 -72.5000 -67.8333 -81.8333 6.5
-63.3333 -72.8333 -70.0000 -82.6667 6.5
-64.0000 -73.8333 -71.6667 -83.1667 6.5
-62.3333 -72.0000 -68.8333 -83.5000 6.5
-62.5000 -74.5000 -68.3333 -82.5000 6.5
-67.5000 -72.3333 -71.3333 -82.5000 6.5
-63.8333 -72.6667 -71.3333 -83.1667 6.5
-65.0000 -73.0000 -72.3333 -83.6667 6.5
-81.1667 -73.6667 -79.6667 -79.0000 7.1
-78.1667 -73.0000 -78.8333 -78.8333 7.1
-78.5000 -73.5000 -79.3333 -80.1667 7.1
-77.1667 -73.6667 -78.5000 -78.5000 7.1
-77.3333 -73.8333 -79.3333 -79.0000 7.1
-77.6667 -72.5000 -77.0000 -77.3333 7.1
-79.6667 -70.3333 -77.6667 -77.5000 7.1
-79.5000 -69.8333 -76.8333 -77.8333 7.1
-82.3333 -72.5000 -79.0000 -80.6667 7.1
-79.1667 -69.0000 -75.8333 -75.3333 7.1
-81.0000 -68.6667 -75.8889 -75.1111 7.2
-83.4444 -71.5556 -78.0000 -78.6667 7.2
-82.2222 -71.1111 -77.5556 -79.0000 7.2
-81.0000 -68.7778 -76.1111 -74.0000 7.2
-81.8889 -71.4444 -76.6667 -77.3333 7.2
-83.3333 -72.2222 -78.2222 -78.4444 7.2
-81.7778 -69.6667 -76.2222 -76.8889 7.2
-83.1111 -71.3333 -77.2222 -77.3333 7.2
-83.2222 -72.1111 -77.6667 -78.1111 7.2
-83.5556 -71.4444 -77.7778 -78.1111 7.2
-78.0000 -73.5000 -71.0000 -82.5000 7.3
-80.5000 -74.0000 -72.0000 -81.0000 7.3
-81.0000 -75.0000 -72.5000 -81.5000 7.3
-74.0000 -73.0000 -67.0000 -76.5000 7.3
-75.0000 -73.5000 -67.5000 -74.0000 7.3
-76.0000 -75.0000 -69.5000 -78.0000 7.3
-75.5000 -71.5000 -69.0000 -77.5000 7.3
-76.0000 -73.5000 -69.0000 -80.0000 7.3
-78.5000 -73.5000 -71.0000 -79.5000 7.3
-78.5000 -73.5000 -71.0000 -80.5000 7.3
-74.5333 -76.1333 -76.0000 -81.2000 7.4
-78.3333 -75.8667 -76.0000 -82.0000 7.4
-73.6667 -75.6000 -75.5333 -80.8667 7.4
-71.4667 -73.6000 -73.0667 -78.5333 7.4
-71.0000 -74.4000 -72.6667 -78.2000 7.4
-71.3333 -74.0000 -72.6667 -78.0667 7.4
-71.2000 -74.0000 -73.0000 -79.8667 7.4
-72.3333 -74.6000 -74.7333 -79.4667 7.4
-73.6000 -75.6667 -75.9333 -81.0000 7.4
-71.2000 -73.8667 -72.6667 -78.5333 7.4
-73.0769 -67.7692 -69.4615 -84.8462 7.5
-73.3077 -68.3077 -70.6923 -85.4615 7.5
-72.8462 -66.6154 -69.0000 -85.2308 7.5
-74.0769 -68.3077 -70.3846 -86.1538 7.5
-73.7692 -69.2308 -71.4615 -86.5385 7.5
-72.3077 -66.6154 -68.3077 -85.0000 7.5
-74.1538 -68.8462 -70.8462 -85.6154 7.5
-72.2308 -66.0000 -68.4615 -85.9231 7.5
-73.5385 -68.6923 -70.5385 -86.0000 7.5
-74.3846 -67.4615 -70.3846 -85.8462 7.5
-83.0000 -69.0000 -77.0000 -73.3333 8.1
-81.0000 -68.3333 -75.0000 -71.6667 8.1
-80.3333 -66.0000 -73.3333 -70.3333 8.1
-79.3333 -66.0000 -73.3333 -70.0000 8.1
-78.6667 -65.6667 -73.3333 -69.6667 8.1
-79.3333 -66.6667 -73.0000 -71.0000 8.1
-80.0000 -67.0000 -75.6667 -72.0000 8.1
-83.3333 -69.6667 -78.3333 -74.0000 8.1
-79.0000 -67.3333 -73.0000 -69.6667 8.1
-80.0000 -68.3333 -75.6667 -70.6667 8.1
-72.4000 -74.4000 -75.0000 -84.8000 8.2
-70.0000 -70.2000 -72.4000 -83.6000 8.2
-72.8000 -70.6000 -73.6000 -83.6000 8.2
-77.0000 -70.6000 -72.4000 -85.4000 8.2
-70.2000 -73.4000 -73.2000 -86.0000 8.2
-69.0000 -74.0000 -74.8000 -85.6000 8.2
-67.6000 -73.4000 -74.6000 -84.6000 8.2
-67.4000 -73.4000 -74.4000 -84.6000 8.2
-67.4000 -73.4000 -73.8000 -83.6000 8.2
-69.4000 -73.8000 -75.0000 -86.0000 8.2
-65.2857 -66.1429 -72.2857 -82.2857 8.3
-66.7143 -68.1429 -72.2857 -86.2857 8.3
-71.1429 -68.7143 -73.5714 -85.8571 8.3
-65.8571 -65.7143 -71.7143 -83.5714 8.3
-65.8571 -66.2857 -72.0000 -83.4286 8.3
-69.5714 -69.0000 -74.2857 -86.8571 8.3
-67.4286 -67.0000 -72.5714 -84.1429 8.3
-70.0000 -68.5714 -73.5714 -87.1429 8.3
-70.0000 -68.4286 -73.5714 -86.7143 8.3
-68.0000 -67.8571 -72.5714 -85.1429 8.3
-63.5000 -75.2000 -70.6500 -70.8500 8.4
-63.7000 -75.8000 -70.5500 -71.2000 8.4
-64.4500 -76.3500 -72.0000 -71.6000 8.4
-62.3000 -76.6000 -70.2000 -69.5500 8.4
-63.6000 -76.8000 -70.4000 -70.5500 8.4
-64.7000 -76.9000 -72.3500 -71.4000 8.4
-65.3500 -77.1000 -73.1000 -72.3000 8.4
-65.3500 -76.8000 -73.1000 -72.1500 8.4
-65.1000 -76.5500 -73.1000 -72.3500 8.4
-65.4000 -77.0500 -73.2500 -72.1500 8.4
-64.0000 -70.0000 -74.2000 -80.8000 8.5
-63.2000 -70.2000 -74.0000 -80.4000 8.5
-68.0000 -71.2000 -74.6000 -81.4000 8.5
-66.2000 -71.4000 -74.6000 -81.2000 8.5
-64.2000 -68.0000 -72.2000 -79.4000 8.5
-64.0000 -70.2000 -72.4000 -80.0000 8.5
-63.0000 -67.8000 -72.8000 -79.2000 8.5
-62.2000 -68.2000 -71.8000 -78.8000 8.5
-65.0000 -70.6000 -73.8000 -80.2000 8.5
-63.0000 -69.6000 -73.6000 -79.6000 8.5
-73.4000 -71.8000 -70.2000 -80.2000 9.1
-73.4000 -71.8000 -69.2000 -79.6000 9.1
-73.0000 -72.0000 -69.6000 -79.6000 9.1
-73.8000 -71.8000 -69.4000 -79.6000 9.1
-75.2000 -73.4000 -72.2000 -80.0000 9.1
-74.0000 -72.6000 -71.2000 -79.4000 9.1
-75.0000 -73.6000 -71.8000 -80.2000 9.1
-76.4000 -74.2000 -74.0000 -80.6000 9.1
-76.0000 -73.4000 -73.0000 -80.6000 9.1
-74.0000 -72.4000 -71.0000 -80.0000 9.1
-66.4789 -78.5634 -72.1972 -67.6197 9.2
-64.9718 -77.4366 -70.2394 -66.6338 9.2
-65.3239 -76.7183 -71.0423 -66.7042 9.2
-66.3239 -77.8592 -72.0704 -67.5634 9.2
-66.6197 -78.4648 -72.5493 -68.0141 9.2
-65.9155 -77.6761 -71.6620 -67.3521 9.2
-65.9718 -77.2676 -71.2958 -67.4648 9.2
-66.7042 -77.9296 -72.1408 -67.7324 9.2
-66.1831 -77.5070 -71.3803 -67.1549 9.2
-65.6901 -76.6197 -70.6901 -66.5775 9.2
-74.4046 -77.8244 -65.2366 -67.2748 9.3
-74.5725 -76.4733 -65.1832 -67.6412 9.3
-74.7099 -76.8779 -65.7023 -67.9695 9.3
-75.1527 -77.7634 -65.9542 -68.2443 9.3
-74.6718 -77.0000 -65.4504 -67.7939 9.3
-74.9389 -77.3435 -65.3130 -67.8321 9.3
-74.4885 -76.7634 -65.3282 -67.8092 9.3
-74.1679 -76.5878 -65.0763 -67.3206 9.3
-73.6565 -75.9847 -64.9466 -67.0305 9.3
-75.1679 -77.7634 -65.9771 -68.1221 9.3
-62.2320 -74.1520 -57.0880 -79.0720 9.4
-62.6800 -74.5760 -57.5600 -79.5360 9.4
-62.2080 -73.7520 -56.7360 -78.8800 9.4
-63.7120 -73.6320 -57.6000 -79.9360 9.4
-63.5120 -73.9600 -57.7760 -80.1120 9.4
-62.7760 -73.5760 -57.3600 -79.8960 9.4
-62.0480 -72.7600 -56.7120 -79.5360 9.4
-61.5920 -72.3520 -56.2000 -79.2400 9.4
-61.7760 -72.4320 -56.1040 -79.4960 9.4
-62.6080 -73.5200 -57.1600 -80.0160 9.4
-71.9431 -70.5285 -54.2033 -68.1707 9.5
-72.2195 -70.6098 -54.1545 -68.3089 9.5
-72.1545 -70.9675 -54.7724 -68.2033 9.5
-71.1870 -69.8455 -56.0976 -68.1626 9.5
-70.1870 -72.6504 -60.6179 -78.7967 9.5
-68.9675 -69.8130 -59.0081 -69.6179 9.5
-72.1220 -72.1301 -61.9106 -70.8862 9.5
-72.5041 -74.2439 -59.4146 -72.1789 9.5
-71.3659 -70.1951 -56.1789 -69.2276 9.5
-71.3252 -70.5203 -56.7805 -69.6098 9.5
