0.0000 0.0000 -19.0000 -31.0000 1.1
0.0000 0.0000 -15.0000 -31.0000 1.1
0.0000 0.0000 -24.0000 -35.0000 1.1
0.0000 0.0000 -19.0000 -35.0000 1.1
0.0000 0.0000 -14.0000 -35.0000 1.1
0.0000 0.0000 -18.0000 -29.0000 1.1
0.0000 0.0000 -24.0000 -35.0000 1.1
0.0000 0.0000 -20.0000 -35.0000 1.1
0.0000 0.0000 -18.0000 -30.0000 1.1
0.0000 0.0000 -20.0000 -35.0000 1.1
0.0000 0.0000 -17.3333 -12.0000 1.2
0.0000 0.0000 -15.3333 -12.3333 1.2
-2.3333 0.0000 -10.6667 -15.0000 1.2
-0.3333 0.0000 -13.3333 -15.3333 1.2
0.0000 0.0000 -14.6667 -15.3333 1.2
-0.3333 0.0000 -14.0000 -12.6667 1.2
0.0000 0.0000 -11.0000 -16.0000 1.2
-1.3333 0.0000 -14.0000 -11.0000 1.2
0.0000 0.0000 -15.6667 -13.0000 1.2
-1.3333 0.0000 -12.3333 -12.3333 1.2
-8.2500 0.0000 -25.5000 -17.5000 1.3
-11.0000 0.0000 -24.7500 -15.2500 1.3
-8.0000 0.0000 -28.2500 -19.0000 1.3
-10.2500 0.0000 -21.0000 -18.5000 1.3
-7.5000 0.0000 -28.0000 -21.0000 1.3
-10.2500 0.0000 -24.2500 -19.0000 1.3
-12.2500 0.0000 -28.2500 -18.2500 1.3
-11.7500 0.0000 -25.2500 -18.2500 1.3
-8.5000 0.0000 -25.7500 -15.7500 1.3
-10.7500 0.0000 -22.2500 -16.0000 1.3
-6.0000 0.2500 -11.0000 -11.2500 1.4
-3.0000 2.0000 -15.0000 -9.2500 1.4
-7.5000 0.0000 -12.0000 -11.5000 1.4
-6.2500 0.7500 -10.0000 -13.2500 1.4
-7.2500 0.0000 -13.2500 -13.0000 1.4
-6.7500 0.5000 -13.2500 -11.7500 1.4
-5.7500 0.5000 -11.0000 -8.5000 1.4
-3.7500 0.0000 -12.7500 -12.7500 1.4
-5.7500 0.2500 -13.5000 -9.2500 1.4
-4.0000 0.2500 -11.5000 -12.2500 1.4
-8.0000 9.0000 -19.3333 -16.0000 1.5
-10.0000 11.6667 -16.6667 -19.6667 1.5
-6.0000 2.3333 -21.0000 -15.6667 1.5
-7.6667 12.3333 -24.6667 -17.6667 1.5
-13.0000 8.0000 -18.6667 -18.0000 1.5
-11.0000 13.0000 -21.0000 -19.3333 1.5
-8.3333 13.3333 -22.6667 -21.6667 1.5
-9.3333 12.6667 -21.0000 -20.0000 1.5
-14.0000 4.0000 -20.3333 -20.6667 1.5
-8.6667 12.3333 -20.0000 -17.0000 1.5
-13.0000 -18.0000 -16.0000 0.0000 10.1
-15.0000 -24.0000 -19.0000 0.0000 10.1
-13.0000 -14.0000 -17.0000 0.0000 10.1
-21.0000 -15.0000 -17.0000 0.0000 10.1
-23.0000 -16.0000 -16.0000 0.0000 10.1
-16.0000 -21.0000 -18.0000 0.0000 10.1
-24.0000 -22.0000 -13.0000 0.0000 10.1
-19.0000 -24.0000 -8.0000 0.0000 10.1
-17.0000 -24.0000 -17.0000 0.0000 10.1
-24.0000 -13.0000 -17.0000 0.0000 10.1
-22.5000 -21.5000 -10.0000 -9.0000 10.2
-20.0000 -20.0000 -11.0000 -17.5000 10.2
-24.5000 -16.5000 -3.0000 -11.5000 10.2
-22.0000 -17.5000 -6.5000 -17.5000 10.2
-20.5000 -18.0000 -8.0000 -11.5000 10.2
-20.5000 -15.0000 -8.5000 -12.5000 10.2
-18.5000 -14.5000 -8.0000 -15.5000 10.2
-24.5000 -17.5000 -3.5000 -15.0000 10.2
-21.5000 -18.0000 -6.5000 -15.0000 10.2
-20.0000 -17.5000 -8.0000 -16.0000 10.2
-18.0000 -13.0000 -6.5000 -5.0000 10.3
-15.0000 -19.5000 -11.0000 -5.0000 10.3
-23.0000 -18.0000 -5.0000 -5.5000 10.3
-18.5000 -16.0000 -2.0000 -3.5000 10.3
-21.0000 -16.0000 -5.5000 0.0000 10.3
-17.0000 -19.5000 -9.0000 -1.0000 10.3
-17.5000 -14.5000 -9.5000 -4.5000 10.3
-15.0000 -15.0000 -8.5000 -1.5000 10.3
-18.5000 -10.5000 -8.0000 -1.5000 10.3
-17.5000 -15.5000 -4.0000 -1.5000 10.3
-22.7500 -12.5000 -2.7500 -11.0000 10.4
-21.7500 -11.2500 -3.2500 -9.5000 10.4
-25.2500 -9.0000 -2.0000 -8.5000 10.4
-22.5000 -11.7500 -4.2500 -10.0000 10.4
-23.0000 -8.2500 -3.0000 -8.7500 10.4
-23.2500 -12.7500 -2.0000 -9.0000 10.4
-21.2500 -9.7500 -5.2500 -9.5000 10.4
-17.5000 -10.7500 -1.5000 -6.7500 10.4
-22.2500 -11.0000 -0.5000 -9.2500 10.4
-21.0000 -9.2500 -1.7500 -7.7500 10.4
-19.2500 -22.5000 0.0000 -6.5000 10.5
-20.5000 -24.7500 0.0000 -12.5000 10.5
-19.0000 -27.0000 0.0000 -8.2500 10.5
-22.7500 -26.0000 0.0000 -9.7500 10.5
-19.0000 -25.2500 0.0000 -5.2500 10.5
-18.2500 -26.2500 0.0000 -8.2500 10.5
-15.5000 -24.2500 0.0000 -10.7500 10.5
-19.2500 -24.5000 0.0000 -7.2500 10.5
-17.2500 -24.7500 0.0000 -10.2500 10.5
-14.0000 -23.7500 0.0000 -10.2500 10.5
-6.8000 -11.6000 -8.8000 -21.0000 2.1
-4.4000 -13.8000 -9.0000 -22.2000 2.1
-6.4000 -12.0000 -9.0000 -25.0000 2.1
-2.6000 -13.8000 -9.8000 -20.2000 2.1
-4.6000 -14.0000 -8.8000 -22.2000 2.1
-7.0000 -14.2000 -9.0000 -20.2000 2.1
-4.2000 -14.0000 -11.2000 -22.6000 2.1
-5.0000 -14.6000 -11.8000 -20.6000 2.1
-3.0000 -11.4000 -8.4000 -23.2000 2.1
-4.8000 -15.4000 -9.8000 -22.2000 2.1
-4.0000 -5.5000 -1.0000 -29.5000 2.2
-3.0000 -6.0000 -5.0000 -30.0000 2.2
-1.0000 -3.5000 -7.0000 -29.0000 2.2
-3.0000 -9.0000 -2.0000 -29.5000 2.2
-4.0000 -4.0000 -3.5000 -30.5000 2.2
-1.0000 -8.0000 -6.0000 -28.0000 2.2
-2.0000 -6.0000 -5.0000 -28.5000 2.2
-4.5000 -6.0000 -1.0000 -30.0000 2.2
-3.5000 -6.5000 -5.5000 -30.5000 2.2
-1.0000 -4.0000 -7.5000 -28.5000 2.2
-2.3333 -13.3333 -17.3333 -19.0000 2.3
-6.6667 -11.3333 -21.6667 -22.3333 2.3
-2.0000 -8.3333 -21.0000 -19.0000 2.3
-3.6667 -11.6667 -19.3333 -22.6667 2.3
-1.6667 -6.3333 -19.0000 -18.6667 2.3
-2.3333 -7.3333 -16.6667 -20.3333 2.3
-6.3333 -16.0000 -18.3333 -19.6667 2.3
-4.0000 -10.6667 -17.3333 -19.3333 2.3
-7.0000 -9.0000 -16.6667 -23.3333 2.3
-3.3333 -8.0000 -21.3333 -22.0000 2.3
-17.0000 -3.0000 -14.0000 -13.0000 2.4
-16.0000 -1.0000 -10.0000 -17.0000 2.4
-15.0000 0.0000 -17.0000 -20.0000 2.4
-16.0000 -2.0000 -15.0000 -10.0000 2.4
-21.0000 -3.0000 -15.0000 -16.0000 2.4
-9.0000 -6.0000 -21.0000 -14.0000 2.4
-13.0000 -2.0000 -13.0000 -9.0000 2.4
-17.0000 -4.0000 -5.0000 -19.0000 2.4
-7.0000 0.0000 -11.0000 -13.0000 2.4
-20.0000 0.0000 -7.0000 -14.0000 2.4
-14.8000 0.0000 -18.0000 -25.4000 2.5
-18.4000 -1.2000 -16.2000 -23.8000 2.5
-15.4000 0.0000 -18.6000 -17.0000 2.5
-15.6000 0.0000 -18.8000 -25.4000 2.5
-17.4000 0.0000 -18.6000 -16.2000 2.5
-15.2000 -0.2000 -20.6000 -24.8000 2.5
-12.8000 0.0000 -18.6000 -24.2000 2.5
-17.0000 0.0000 -18.2000 -23.0000 2.5
-16.6000 0.0000 -17.6000 -25.4000 2.5
-14.8000 0.0000 -19.8000 -23.0000 2.5
-6.0000 -11.0000 -20.0000 -31.0000 3.1
-16.0000 -21.0000 -20.0000 -24.0000 3.1
-4.0000 -11.0000 -26.0000 -25.0000 3.1
-3.0000 -18.0000 -14.0000 -30.0000 3.1
-12.0000 -15.0000 -14.0000 -26.0000 3.1
-7.0000 -11.0000 -13.0000 -32.0000 3.1
-10.0000 -25.0000 -10.0000 -20.0000 3.1
-6.0000 -12.0000 -16.0000 -30.0000 3.1
-8.0000 -8.0000 -13.0000 -29.0000 3.1
-7.0000 -17.0000 -16.0000 -32.0000 3.1
-2.0000 -8.6667 -13.3333 -26.3333 3.2
-4.6667 -17.0000 -14.6667 -23.6667 3.2
-3.6667 -13.3333 -19.6667 -26.0000 3.2
-1.0000 -18.0000 -15.6667 -24.6667 3.2
-2.3333 -12.6667 -12.3333 -24.6667 3.2
-8.0000 -10.6667 -20.6667 -26.0000 3.2
-4.6667 -12.0000 -15.3333 -25.0000 3.2
-3.3333 -13.3333 -14.0000 -23.6667 3.2
-2.3333 -10.3333 -18.6667 -22.0000 3.2
-0.6667 -10.0000 -18.3333 -22.6667 3.2
-15.2500 -8.2500 -14.7500 -19.7500 3.3
-16.0000 -11.5000 -17.7500 -22.5000 3.3
-13.5000 -10.5000 -15.2500 -20.5000 3.3
-14.5000 -9.2500 -16.5000 -24.5000 3.3
-16.2500 -11.0000 -15.2500 -24.2500 3.3
-12.5000 -7.5000 -14.7500 -19.5000 3.3
-13.7500 -9.7500 -14.7500 -21.5000 3.3
-15.0000 -11.5000 -18.2500 -22.0000 3.3
-18.0000 -8.2500 -15.7500 -18.5000 3.3
-12.2500 -9.7500 -14.5000 -25.0000 3.3
-14.0000 -3.5000 -5.0000 -23.0000 3.4
-13.0000 -4.5000 -8.0000 -19.0000 3.4
-17.0000 -4.0000 -7.0000 -19.0000 3.4
-11.5000 -0.5000 -8.0000 -26.5000 3.4
-12.0000 -3.5000 -4.5000 -26.0000 3.4
-13.5000 -9.5000 -5.5000 -22.5000 3.4
-14.0000 -4.5000 -5.0000 -22.0000 3.4
-12.5000 0.0000 -5.0000 -27.5000 3.4
-16.0000 -3.0000 -3.5000 -20.0000 3.4
-11.0000 -4.0000 -5.5000 -26.5000 3.4
-17.5000 -1.0000 -25.0000 -26.5000 3.5
-19.0000 -5.5000 -25.5000 -18.0000 3.5
-17.0000 -7.0000 -27.0000 -27.0000 3.5
-19.0000 -7.5000 -18.5000 -28.5000 3.5
-14.0000 -7.5000 -26.5000 -20.5000 3.5
-14.0000 -3.0000 -24.5000 -23.5000 3.5
-17.0000 -9.0000 -25.5000 -21.5000 3.5
-16.0000 -6.0000 -23.5000 -27.5000 3.5
-17.5000 -3.0000 -24.5000 -15.0000 3.5
-18.0000 0.0000 -19.5000 -24.5000 3.5
-14.0000 -14.2500 -15.5000 -24.2500 4.1
-8.5000 -11.7500 -13.7500 -22.5000 4.1
-9.2500 -12.2500 -19.5000 -20.0000 4.1
-12.5000 -11.2500 -13.0000 -19.5000 4.1
-11.7500 -9.7500 -16.7500 -25.0000 4.1
-10.5000 -12.5000 -14.5000 -22.0000 4.1
-12.7500 -13.5000 -14.5000 -22.5000 4.1
-12.0000 -12.7500 -19.0000 -18.5000 4.1
-11.0000 -12.5000 -14.2500 -21.0000 4.1
-12.5000 -14.7500 -13.5000 -21.2500 4.1
-13.3333 -15.6667 -17.6667 -17.6667 4.2
-19.6667 -16.0000 -18.0000 -19.6667 4.2
-20.0000 -10.0000 -16.3333 -14.0000 4.2
-13.6667 -12.3333 -16.0000 -15.6667 4.2
-18.0000 -11.0000 -15.6667 -15.3333 4.2
-15.0000 -11.3333 -12.3333 -18.0000 4.2
-13.6667 -10.6667 -16.6667 -19.3333 4.2
-12.3333 -15.6667 -21.0000 -19.3333 4.2
-15.6667 -12.6667 -17.0000 -17.0000 4.2
-17.0000 -12.0000 -15.6667 -14.6667 4.2
-11.0000 -13.0000 -18.0000 -13.5000 4.3
-10.5000 -14.0000 -19.0000 -20.0000 4.3
-6.0000 -9.5000 -12.5000 -13.5000 4.3
-12.0000 -15.0000 -12.5000 -16.0000 4.3
-7.0000 -14.0000 -12.5000 -22.5000 4.3
-6.0000 -11.5000 -11.5000 -9.5000 4.3
-11.5000 -16.0000 -16.0000 -12.0000 4.3
-8.5000 -11.0000 -13.5000 -11.5000 4.3
-8.5000 -18.0000 -16.0000 -17.0000 4.3
-7.0000 -12.0000 -15.0000 -17.0000 4.3
-22.3333 -10.3333 -6.6667 -12.6667 4.4
-18.6667 -10.6667 -10.6667 -16.6667 4.4
-22.0000 -12.3333 -9.3333 -19.0000 4.4
-17.3333 -12.3333 -6.6667 -13.3333 4.4
-17.0000 -11.3333 -7.3333 -15.3333 4.4
-22.6667 -11.3333 -9.6667 -17.6667 4.4
-22.0000 -15.0000 -8.3333 -16.6667 4.4
-21.3333 -10.0000 -5.3333 -17.0000 4.4
-17.6667 -12.6667 -10.0000 -17.6667 4.4
-18.3333 -16.3333 -6.6667 -16.3333 4.4
-19.8000 -6.2000 -18.2000 -22.2000 4.5
-23.8000 -5.6000 -17.2000 -18.0000 4.5
-23.2000 -5.8000 -18.0000 -18.4000 4.5
-21.8000 -4.8000 -15.8000 -21.0000 4.5
-21.6000 -5.4000 -19.2000 -23.6000 4.5
-21.6000 -5.0000 -13.4000 -19.4000 4.5
-20.8000 -5.6000 -13.6000 -18.6000 4.5
-22.8000 -5.2000 -16.0000 -20.6000 4.5
-21.8000 -3.4000 -13.8000 -19.6000 4.5
-22.4000 -3.2000 -17.2000 -18.0000 4.5
-25.0000 -16.0000 -10.0000 -21.0000 5.1
-25.0000 -20.0000 -16.0000 -26.0000 5.1
-25.0000 -21.0000 -12.0000 -27.0000 5.1
-24.0000 -12.0000 -13.0000 -22.0000 5.1
-26.0000 -24.0000 -14.0000 -27.0000 5.1
-23.0000 -14.0000 -27.0000 -21.0000 5.1
-27.0000 -20.0000 -20.0000 -20.0000 5.1
-24.0000 -22.0000 -11.0000 -21.0000 5.1
-26.0000 -26.0000 -8.0000 -26.0000 5.1
-25.0000 -17.0000 -15.0000 -24.0000 5.1
-7.0000 -15.5000 -14.0000 -24.5000 5.2
-11.0000 -11.5000 -12.5000 -22.0000 5.2
-5.5000 -11.0000 -19.0000 -20.5000 5.2
-6.0000 -16.0000 -15.5000 -23.0000 5.2
-9.5000 -17.0000 -11.5000 -27.0000 5.2
-4.5000 -10.0000 -16.5000 -22.5000 5.2
-6.0000 -11.5000 -16.5000 -27.0000 5.2
-8.5000 -12.5000 -11.5000 -26.5000 5.2
-7.0000 -15.0000 -11.0000 -26.0000 5.2
-5.5000 -9.5000 -12.5000 -17.0000 5.2
-8.0000 -8.5000 -6.5000 -16.0000 5.3
-21.0000 -13.5000 -7.5000 -18.5000 5.3
-21.0000 -17.5000 -11.0000 -24.0000 5.3
-20.5000 -10.0000 -10.0000 -22.5000 5.3
-24.0000 -13.5000 -12.5000 -25.0000 5.3
-19.5000 -12.0000 -9.0000 -22.5000 5.3
-18.5000 -10.0000 -10.5000 -24.5000 5.3
-20.0000 -8.0000 -5.0000 -20.5000 5.3
-20.5000 -13.5000 -9.0000 -19.5000 5.3
-10.5000 -15.5000 -7.0000 -19.5000 5.3
-25.0000 -9.6000 -6.6000 -16.8000 5.4
-23.4000 -10.4000 -11.6000 -19.2000 5.4
-24.0000 -12.8000 -13.8000 -21.0000 5.4
-21.8000 -10.6000 -8.8000 -18.6000 5.4
-21.4000 -13.0000 -12.0000 -16.8000 5.4
-22.6000 -10.8000 -10.2000 -14.2000 5.4
-20.4000 -11.4000 -11.0000 -16.6000 5.4
-22.2000 -9.8000 -8.4000 -14.6000 5.4
-25.0000 -12.8000 -10.8000 -17.2000 5.4
-23.6000 -11.8000 -14.2000 -15.0000 5.4
-25.3333 -22.0000 -17.6667 -18.0000 5.5
-20.6667 -15.6667 -9.6667 -17.6667 5.5
-20.3333 -18.6667 -14.0000 -10.3333 5.5
-18.6667 -16.0000 -15.6667 -14.3333 5.5
-22.0000 -17.0000 -11.3333 -15.6667 5.5
-19.0000 -16.6667 -18.6667 -12.6667 5.5
-24.3333 -20.6667 -14.3333 -16.0000 5.5
-19.0000 -18.6667 -15.0000 -17.0000 5.5
-21.6667 -17.0000 -10.3333 -12.6667 5.5
-19.6667 -18.0000 -12.6667 -14.0000 5.5
-21.6667 -15.3333 -19.3333 -11.3333 6.1
-19.3333 -10.0000 -19.3333 -12.6667 6.1
-18.6667 -13.3333 -22.6667 -11.3333 6.1
-22.0000 -17.0000 -17.6667 -11.3333 6.1
-21.3333 -11.3333 -17.0000 -13.3333 6.1
-20.3333 -10.3333 -14.6667 -10.6667 6.1
-21.3333 -12.6667 -16.3333 -13.0000 6.1
-22.0000 -11.0000 -14.6667 -15.0000 6.1
-22.6667 -14.3333 -16.6667 -13.3333 6.1
-17.3333 -19.0000 -19.0000 -11.6667 6.1
-15.4000 -13.4000 -12.2000 -16.8000 6.2
-16.2000 -14.6000 -12.2000 -15.4000 6.2
-16.0000 -12.8000 -14.4000 -16.4000 6.2
-16.8000 -12.8000 -14.6000 -15.8000 6.2
-17.0000 -16.4000 -11.2000 -20.2000 6.2
-17.4000 -11.0000 -11.8000 -17.6000 6.2
-16.6000 -17.2000 -14.4000 -17.2000 6.2
-16.0000 -14.2000 -16.6000 -16.4000 6.2
-16.6000 -10.4000 -13.6000 -11.8000 6.2
-17.2000 -11.8000 -13.6000 -16.6000 6.2
-10.6667 -11.3333 -3.6667 -9.6667 6.3
-11.0000 -11.3333 -6.6667 -11.6667 6.3
-13.3333 -10.6667 -7.0000 -14.3333 6.3
-15.6667 -9.3333 -8.3333 -13.0000 6.3
-12.6667 -12.6667 -10.3333 -12.0000 6.3
-12.6667 -10.6667 -6.3333 -12.3333 6.3
-14.3333 -9.3333 -7.0000 -10.0000 6.3
-13.3333 -9.0000 -6.3333 -11.0000 6.3
-14.3333 -8.0000 -8.0000 -12.3333 6.3
-16.6667 -10.0000 -10.0000 -12.0000 6.3
-8.6667 -17.0000 -20.6667 -19.6667 6.4
-16.3333 -16.0000 -12.6667 -18.6667 6.4
-15.0000 -14.6667 -12.0000 -21.0000 6.4
-12.6667 -11.6667 -14.6667 -21.0000 6.4
-12.3333 -16.0000 -14.3333 -17.6667 6.4
-10.6667 -11.3333 -12.6667 -18.0000 6.4
-11.3333 -11.0000 -11.6667 -17.3333 6.4
-11.0000 -14.0000 -10.3333 -19.0000 6.4
-13.0000 -12.3333 -19.6667 -13.6667 6.4
-11.6667 -13.6667 -15.3333 -18.6667 6.4
-26.5000 -10.2500 -17.5000 -10.2500 6.5
-26.0000 -13.0000 -14.7500 -10.7500 6.5
-27.5000 -14.7500 -15.2500 -11.0000 6.5
-25.7500 -12.5000 -14.0000 -6.5000 6.5
-26.0000 -14.2500 -11.7500 -10.0000 6.5
-24.0000 -9.7500 -10.5000 -13.5000 6.5
-25.7500 -14.0000 -13.7500 -9.5000 6.5
-28.0000 -12.0000 -15.5000 -11.0000 6.5
-27.5000 -14.7500 -16.0000 -5.7500 6.5
-25.2500 -12.0000 -12.0000 -6.7500 6.5
-16.5000 -16.2500 -8.2500 -13.7500 7.1
-19.2500 -16.2500 -10.2500 -11.5000 7.1
-20.7500 -19.5000 -13.2500 -17.5000 7.1
-20.5000 -18.7500 -10.5000 -17.5000 7.1
-15.7500 -18.0000 -12.7500 -16.7500 7.1
-19.0000 -16.5000 -12.7500 -13.2500 7.1
-13.7500 -20.5000 -11.5000 -13.0000 7.1
-18.2500 -16.7500 -12.0000 -14.0000 7.1
-17.2500 -17.5000 -8.7500 -11.0000 7.1
-19.5000 -16.2500 -14.7500 -18.5000 7.1
-25.0000 -7.0000 -22.0000 -7.0000 7.2
-19.0000 -10.0000 -24.0000 -12.0000 7.2
-27.0000 -9.0000 -22.0000 -11.0000 7.2
-26.0000 -9.0000 -19.0000 -10.0000 7.2
-22.0000 -8.0000 -21.0000 -12.0000 7.2
-24.0000 -7.0000 -20.0000 -5.0000 7.2
-25.0000 -7.0000 -22.0000 -8.0000 7.2
-25.0000 -11.0000 -25.0000 -8.0000 7.2
-28.0000 -7.0000 -23.0000 -6.0000 7.2
-27.0000 -5.0000 -10.0000 -7.0000 7.2
-29.0000 -16.0000 -10.0000 -9.0000 7.3
-28.0000 -15.0000 -12.5000 -8.5000 7.3
-24.5000 -12.5000 -11.0000 -4.0000 7.3
-30.5000 -17.5000 -11.5000 -10.5000 7.3
-29.0000 -19.5000 -10.0000 -6.0000 7.3
-28.0000 -17.5000 -20.5000 -8.5000 7.3
-29.0000 -16.5000 -14.0000 -8.0000 7.3
-25.5000 -14.5000 -15.5000 -6.0000 7.3
-26.5000 -15.0000 -12.0000 -11.0000 7.3
-30.0000 -14.0000 -11.5000 -8.0000 7.3
-22.5000 -12.5000 -9.5000 -12.5000 7.4
-21.5000 -12.5000 -7.5000 -11.0000 7.4
-19.0000 -14.0000 -7.0000 -12.5000 7.4
-18.5000 -17.5000 -7.0000 -12.5000 7.4
-17.0000 -16.0000 -8.0000 -8.5000 7.4
-17.0000 -14.5000 -4.0000 -10.5000 7.4
-24.0000 -17.0000 -10.0000 -15.5000 7.4
-25.5000 -13.5000 -4.0000 -17.5000 7.4
-27.5000 -17.5000 -8.0000 -10.0000 7.4
-26.0000 -14.5000 -9.5000 -13.5000 7.4
-12.5000 -19.0000 -6.2500 -18.5000 7.5
-15.7500 -16.7500 -4.5000 -18.5000 7.5
-14.5000 -18.0000 -5.7500 -18.2500 7.5
-16.7500 -22.0000 -5.2500 -18.7500 7.5
-8.7500 -19.7500 -6.7500 -15.0000 7.5
-11.0000 -17.7500 -4.5000 -22.0000 7.5
-12.0000 -22.2500 -7.2500 -13.2500 7.5
-11.0000 -16.0000 -10.2500 -21.0000 7.5
-13.2500 -17.2500 -6.5000 -19.0000 7.5
-12.7500 -15.7500 -7.2500 -15.7500 7.5
-25.6667 -16.0000 -10.0000 -7.3333 8.1
-20.3333 -17.0000 -12.0000 -14.3333 8.1
-21.6667 -17.6667 -12.0000 -15.6667 8.1
-24.0000 -15.6667 -11.6667 -11.0000 8.1
-23.6667 -21.0000 -14.0000 -16.0000 8.1
-24.3333 -21.6667 -19.0000 -16.3333 8.1
-18.6667 -17.3333 -13.0000 -17.3333 8.1
-21.3333 -21.0000 -14.3333 -18.3333 8.1
-21.0000 -17.0000 -13.3333 -16.3333 8.1
-31.3333 -22.3333 -11.6667 -9.6667 8.1
-15.6667 -18.6667 -15.0000 -7.3333 8.2
-13.3333 -14.6667 -16.6667 -10.3333 8.2
-18.0000 -13.0000 -18.3333 -10.6667 8.2
-17.0000 -15.0000 -14.3333 -9.6667 8.2
-15.6667 -15.0000 -9.0000 -10.3333 8.2
-15.3333 -15.0000 -16.0000 -11.0000 8.2
-16.0000 -20.0000 -13.0000 -5.6667 8.2
-15.3333 -15.0000 -18.3333 -8.0000 8.2
-17.0000 -14.0000 -13.6667 -8.6667 8.2
-12.0000 -14.0000 -14.3333 -6.3333 8.2
-15.5000 -18.0000 -3.0000 -9.5000 8.3
-10.5000 -17.0000 -10.0000 -8.0000 8.3
-16.5000 -10.0000 -11.0000 -8.5000 8.3
-23.0000 -16.0000 -13.0000 -6.5000 8.3
-12.5000 -12.0000 -14.0000 -14.0000 8.3
-17.0000 -21.5000 -6.0000 -5.0000 8.3
-11.5000 -11.0000 -11.0000 -11.5000 8.3
-12.0000 -15.5000 -2.5000 -6.5000 8.3
-12.5000 -12.5000 -2.0000 -8.5000 8.3
-12.0000 -18.5000 -6.0000 -11.0000 8.3
-10.0000 -11.6667 -5.6667 -14.6667 8.4
-13.0000 -13.3333 -6.0000 -13.0000 8.4
-17.6667 -12.0000 -3.6667 -14.0000 8.4
-13.3333 -13.3333 -5.3333 -8.3333 8.4
-12.0000 -14.6667 -9.6667 -16.0000 8.4
-8.6667 -15.0000 -5.6667 -10.6667 8.4
-11.3333 -12.6667 -5.6667 -12.3333 8.4
-15.3333 -13.0000 -8.3333 -15.0000 8.4
-13.6667 -13.6667 -8.0000 -13.0000 8.4
-11.6667 -14.0000 -9.0000 -16.6667 8.4
-17.5000 -11.5000 -10.0000 -10.0000 8.5
-16.0000 -18.0000 -4.5000 -11.0000 8.5
-19.5000 -15.0000 -13.0000 -8.0000 8.5
-19.5000 -15.5000 -15.5000 -11.5000 8.5
-22.5000 -15.5000 -13.5000 -11.5000 8.5
-16.5000 -13.0000 -10.5000 -8.5000 8.5
-14.5000 -11.0000 -10.0000 -10.5000 8.5
-18.5000 -14.0000 -15.5000 -11.0000 8.5
-18.5000 -17.5000 -8.5000 -11.0000 8.5
-16.0000 -15.5000 -6.0000 -10.0000 8.5
-19.3333 -13.6667 -15.6667 0.0000 9.1
-21.3333 -15.0000 -20.3333 -0.3333 9.1
-20.0000 -14.3333 -16.3333 -0.6667 9.1
-23.6667 -13.0000 -18.3333 -1.6667 9.1
-20.6667 -9.6667 -15.3333 0.0000 9.1
-17.3333 -14.6667 -15.3333 -0.6667 9.1
-20.3333 -11.3333 -13.3333 0.0000 9.1
-21.3333 -11.6667 -16.3333 -0.3333 9.1
-21.3333 -11.6667 -12.6667 -0.6667 9.1
-20.6667 -9.6667 -16.0000 -0.6667 9.1
-23.0000 -7.0000 -18.0000 -3.0000 9.2
-20.0000 -10.0000 -19.0000 0.0000 9.2
-14.0000 -4.0000 -17.0000 0.0000 9.2
-22.0000 -8.0000 -17.0000 0.0000 9.2
-21.0000 -7.0000 -20.0000 0.0000 9.2
-19.0000 -7.0000 -18.0000 -2.0000 9.2
-26.0000 -7.0000 -16.0000 0.0000 9.2
-22.0000 -6.0000 -20.0000 0.0000 9.2
-27.0000 -5.0000 -10.0000 0.0000 9.2
-30.0000 -10.0000 -19.0000 0.0000 9.2
-5.0000 -16.0000 -18.0000 -14.0000 9.3
-3.0000 -14.0000 -11.0000 -9.0000 9.3
-2.0000 -18.0000 -17.0000 -15.0000 9.3
-4.0000 -17.0000 -14.0000 -14.0000 9.3
-2.0000 -21.0000 -15.0000 -12.0000 9.3
-7.0000 -16.0000 -12.0000 -7.0000 9.3
-8.0000 -13.0000 -16.0000 -11.0000 9.3
-9.0000 -21.0000 -13.0000 -4.0000 9.3
-7.0000 -24.0000 -12.0000 -13.0000 9.3
-3.0000 -13.0000 -15.0000 -3.0000 9.3
-17.0000 -8.5000 -2.0000 -6.5000 9.4
-12.0000 -9.0000 -2.5000 -16.5000 9.4
-12.0000 -8.5000 -2.5000 -2.0000 9.4
-11.0000 -12.0000 -2.5000 -12.0000 9.4
-15.0000 -7.0000 -2.0000 -11.0000 9.4
-11.0000 -8.5000 -3.0000 -8.0000 9.4
-8.0000 -9.0000 -1.5000 -10.0000 9.4
-12.5000 -4.5000 -2.5000 -7.5000 9.4
-11.0000 -6.0000 -2.0000 -11.5000 9.4
-10.0000 -10.0000 -1.0000 -9.5000 9.4
-12.5000 -21.5000 -3.5000 -3.5000 9.5
-10.0000 -22.5000 -8.0000 -6.5000 9.5
-10.0000 -20.5000 -2.5000 -6.5000 9.5
-14.5000 -24.0000 -6.5000 -7.5000 9.5
-9.0000 -19.0000 -4.0000 -8.5000 9.5
-13.5000 -20.0000 -2.0000 -8.0000 9.5
-11.5000 -19.0000 -6.5000 -10.0000 9.5
-10.0000 -20.5000 0.0000 -5.5000 9.5
-8.5000 -23.5000 -3.5000 -7.0000 9.5
-12.0000 -18.0000 -4.5000 -5.5000 9.5
