0 0 -19 -31 -3.5 -8.3333 1.1
0 0 -15 -31 -5.3333 -8.5 1.1
0 0 -24 -35 -6.6667 -10.5 1.1
0 0 -19 -35 -6.1667 -9.3333 1.1
0 0 -14 -35 -2.8333 -10.5 1.1
0 0 -18 -29 -6.1667 -10.6667 1.1
0 0 -24 -35 -8 -11.5 1.1
0 0 -20 -35 -8.1667 -6.5 1.1
0 0 -18 -30 -5.8333 -11 1.1
0 0 -20 -35 -4.1667 -11.3333 1.1
0 0 -17.3333 -12 -2.5 -5.3333 1.2
0 0 -15.3333 -12.3333 -2.6667 -4 1.2
-2.3333 0 -10.6667 -15 -2.3333 -4.8333 1.2
-0.3333 0 -13.3333 -15.3333 -3 -4.5 1.2
0 0 -14.6667 -15.3333 -3.3333 -5 1.2
-0.3333 0 -14 -12.6667 -0.8333 -3.8333 1.2
0 0 -11 -16 -3.6667 -6.3333 1.2
-1.3333 0 -14 -11 -1.1667 -5.1667 1.2
0 0 -15.6667 -13 -6 -3.5 1.2
-1.3333 0 -12.3333 -12.3333 -1.8333 -4 1.2
-8.25 0 -25.5 -17.5 -7.4 -7.2 1.3
-11 0 -24.75 -15.25 -17.4 -7 1.3
-8 0 -28.25 -19 -8.2 -10.6 1.3
-10.25 0 -21 -18.5 -10 -8.4 1.3
-7.5 0 -28 -21 -13.6 -9.6 1.3
-10.25 0 -24.25 -19 -10.8 -7.6 1.3
-12.25 0 -28.25 -18.25 -9.6 -5.6 1.3
-11.75 0 -25.25 -18.25 -13.2 -4.8 1.3
-8.5 0 -25.75 -15.75 -9.8 -7.8 1.3
-10.75 0 -22.25 -16 -13.6 -4 1.3
-6 0.25 -11 -11.25 -7.4286 -7.1429 1.4
-3 2 -15 -9.25 -4 -4.4286 1.4
-7.5 0 -12 -11.5 -3.5714 -2.1429 1.4
-6.25 0.75 -10 -13.25 -3.4286 -5.1429 1.4
-7.25 0 -13.25 -13 -6.1429 -7.2857 1.4
-6.75 0.5 -13.25 -11.75 -2.8571 -4.4286 1.4
-5.75 0.5 -11 -8.5 -4.8571 -7.5714 1.4
-3.75 0 -12.75 -12.75 -5.2857 -6 1.4
-5.75 0.25 -13.5 -9.25 -3 -5.8571 1.4
-4 0.25 -11.5 -12.25 -3.1429 -3.4286 1.4
-8 9 -19.3333 -16 -5.25 -12 1.5
-10 11.6667 -16.6667 -19.6667 -3.25 -12.75 1.5
-6 2.3333 -21 -15.6667 -4.375 -12.625 1.5
-7.6667 12.3333 -24.6667 -17.6667 -4 -11.875 1.5
-13 8 -18.6667 -18 -3.875 -9.875 1.5
-11 13 -21 -19.3333 -2.625 -13.125 1.5
-8.3333 13.3333 -22.6667 -21.6667 -5.375 -12.75 1.5
-9.3333 12.6667 -21 -20 -3.75 -14 1.5
-14 4 -20.3333 -20.6667 -4.625 -16 1.5
-8.6667 12.3333 -20 -17 -1.5 -14.5 1.5
-6.8 -11.6 -8.8 -21 -5.125 -8.5 2.1
-4.4 -13.8 -9 -22.2 -7 -8.625 2.1
-6.4 -12 -9 -25 -4.875 -8.125 2.1
-2.6 -13.8 -9.8 -20.2 -5 -10.375 2.1
-4.6 -14 -8.8 -22.2 -3.25 -7.125 2.1
-7 -14.2 -9 -20.2 -5.5 -7.75 2.1
-4.2 -14 -11.2 -22.6 -4.5 -10 2.1
-5 -14.6 -11.8 -20.6 -4 -10.125 2.1
-3 -11.4 -8.4 -23.2 -5.25 -8.25 2.1
-4.8 -15.4 -9.8 -22.2 -4 -7 2.1
-4 -5.5 -1 -29.5 -6.8571 -11.8571 2.2
-3 -6 -5 -30 -4 -8.2857 2.2
-1 -3.5 -7 -29 -5.2857 -10.5714 2.2
-3 -9 -2 -29.5 -6.7143 -12.1429 2.2
-4 -4 -3.5 -30.5 -3.4286 -8 2.2
-1 -8 -6 -28 -3.8571 -9.2857 2.2
-2 -6 -5 -28.5 -5.1429 -6.7143 2.2
-4.5 -6 -1 -30 -5.7143 -6.5714 2.2
-3.5 -6.5 -5.5 -30.5 -6 -6.5714 2.2
-1 -4 -7.5 -28.5 -6 -9.4286 2.2
-2.3333 -13.3333 -17.3333 -19 -1.7143 -14 2.3
-6.6667 -11.3333 -21.6667 -22.3333 -0.8571 -13.1429 2.3
-2 -8.3333 -21 -19 -1.8571 -12 2.3
-3.6667 -11.6667 -19.3333 -22.6667 -0.2857 -13 2.3
-1.6667 -6.3333 -19 -18.6667 -0.2857 -12.8571 2.3
-2.3333 -7.3333 -16.6667 -20.3333 -1.1429 -14.2857 2.3
-6.3333 -16 -18.3333 -19.6667 -2.7143 -16.5714 2.3
-4 -10.6667 -17.3333 -19.3333 -0.5714 -14.1429 2.3
-7 -9 -16.6667 -23.3333 -0.5714 -12.1429 2.3
-3.3333 -8 -21.3333 -22 -2 -12.2857 2.3
-17 -3 -14 -13 -1.4444 -3.7778 2.4
-16 -1 -10 -17 -3.2222 -3 2.4
-15 0 -17 -20 -3.3333 -5.3333 2.4
-16 -2 -15 -10 -2.6667 -2.6667 2.4
-21 -3 -15 -16 -1.4444 -4.8889 2.4
-9 -6 -21 -14 -2.7778 -2.5556 2.4
-13 -2 -13 -9 -1.2222 -4.3333 2.4
-17 -4 -5 -19 -3.2222 -4.6667 2.4
-7 0 -11 -13 -2.4444 -3.3333 2.4
-20 0 -7 -14 -1.5556 -2 2.4
-14.8 0 -18 -25.4 -5.7143 -9.7143 2.5
-18.4 -1.2 -16.2 -23.8 -3.7143 -8.4286 2.5
-15.4 0 -18.6 -17 -2.7143 -8.8571 2.5
-15.6 0 -18.8 -25.4 -6.5714 -10.2857 2.5
-17.4 0 -18.6 -16.2 -4 -9 2.5
-15.2 -0.2 -20.6 -24.8 -2.8571 -8.8571 2.5
-12.8 0 -18.6 -24.2 -2 -6.7143 2.5
-17 0 -18.2 -23 -3.8571 -7.7143 2.5
-16.6 0 -17.6 -25.4 -3.7143 -9.7143 2.5
-14.8 0 -19.8 -23 -5.1429 -8.1429 2.5
-6 -11 -20 -31 -1.7143 -9.2857 3.1
-16 -21 -20 -24 -4.1429 -9.5714 3.1
-4 -11 -26 -25 -3.1429 -9.7143 3.1
-3 -18 -14 -30 -2.7143 -11.4286 3.1
-12 -15 -14 -26 -3.1429 -11.8571 3.1
-7 -11 -13 -32 -4.4286 -11 3.1
-10 -25 -10 -20 -3.5714 -11.8571 3.1
-6 -12 -16 -30 -3.1429 -12 3.1
-8 -8 -13 -29 -3.2857 -11.1429 3.1
-7 -17 -16 -32 -4 -11.2857 3.1
-2 -8.6667 -13.3333 -26.3333 0 -10.25 3.2
-4.6667 -17 -14.6667 -23.6667 -0.125 -9.375 3.2
-3.6667 -13.3333 -19.6667 -26 0 -10.125 3.2
-1 -18 -15.6667 -24.6667 0 -8.25 3.2
-2.3333 -12.6667 -12.3333 -24.6667 -0.25 -11.375 3.2
-8 -10.6667 -20.6667 -26 0 -7.875 3.2
-4.6667 -12 -15.3333 -25 -0.375 -10.125 3.2
-3.3333 -13.3333 -14 -23.6667 0 -9.375 3.2
-2.3333 -10.3333 -18.6667 -22 -0.25 -11.75 3.2
-0.6667 -10 -18.3333 -22.6667 0 -9.5 3.2
-15.25 -8.25 -14.75 -19.75 -0.7143 -13.2857 3.3
-16 -11.5 -17.75 -22.5 -0.4286 -12.5714 3.3
-13.5 -10.5 -15.25 -20.5 0 -13.1429 3.3
-14.5 -9.25 -16.5 -24.5 -1.1429 -11.8571 3.3
-16.25 -11 -15.25 -24.25 0 -15.8571 3.3
-12.5 -7.5 -14.75 -19.5 -0.1429 -13.5714 3.3
-13.75 -9.75 -14.75 -21.5 -0.2857 -11.2857 3.3
-15 -11.5 -18.25 -22 -1.1429 -13.2857 3.3
-18 -8.25 -15.75 -18.5 -0.4286 -11.2857 3.3
-12.25 -9.75 -14.5 -25 -0.1429 -11.8571 3.3
-14 -3.5 -5 -23 -1.5714 -2.7143 3.4
-13 -4.5 -8 -19 -0.5714 -4.1429 3.4
-17 -4 -7 -19 -1.1429 -2.7143 3.4
-11.5 -0.5 -8 -26.5 -1.8571 -2.1429 3.4
-12 -3.5 -4.5 -26 -3.2857 -4.1429 3.4
-13.5 -9.5 -5.5 -22.5 -0.1429 -4.7143 3.4
-14 -4.5 -5 -22 -1 -2.1429 3.4
-12.5 0 -5 -27.5 0 -1.5714 3.4
-16 -3 -3.5 -20 -0.4286 -1.7143 3.4
-11 -4 -5.5 -26.5 -2.2857 -2.7143 3.4
-17.5 -1 -25 -26.5 -3.4286 -18.1429 3.5
-19 -5.5 -25.5 -18 -1.5714 -16.5714 3.5
-17 -7 -27 -27 -3.4286 -17.4286 3.5
-19 -7.5 -18.5 -28.5 -3.8571 -16.2857 3.5
-14 -7.5 -26.5 -20.5 -2.7143 -15.4286 3.5
-14 -3 -24.5 -23.5 -4.2857 -19.4286 3.5
-17 -9 -25.5 -21.5 -2.5714 -20.2857 3.5
-16 -6 -23.5 -27.5 -2.4286 -14.5714 3.5
-17.5 -3 -24.5 -15 -1.5714 -17.2857 3.5
-18 0 -19.5 -24.5 -6.1429 -15.2857 3.5
-14 -14.25 -15.5 -24.25 -0.8333 -8 4.1
-8.5 -11.75 -13.75 -22.5 -3.5 -8.1667 4.1
-9.25 -12.25 -19.5 -20 -2.6667 -5.6667 4.1
-12.5 -11.25 -13 -19.5 -1.1667 -7.3333 4.1
-11.75 -9.75 -16.75 -25 -3.5 -8.3333 4.1
-10.5 -12.5 -14.5 -22 0 -9.5 4.1
-12.75 -13.5 -14.5 -22.5 -2 -9.5 4.1
-12 -12.75 -19 -18.5 -1 -11.3333 4.1
-11 -12.5 -14.25 -21 -1 -8 4.1
-12.5 -14.75 -13.5 -21.25 -1.5 -9.1667 4.1
-13.3333 -15.6667 -17.6667 -17.6667 0 -10.75 4.2
-19.6667 -16 -18 -19.6667 0 -11.75 4.2
-20 -10 -16.3333 -14 0 -12 4.2
-13.6667 -12.3333 -16 -15.6667 0 -10.75 4.2
-18 -11 -15.6667 -15.3333 0 -8.75 4.2
-15 -11.3333 -12.3333 -18 0 -9.75 4.2
-13.6667 -10.6667 -16.6667 -19.3333 0 -9.25 4.2
-12.3333 -15.6667 -21 -19.3333 0 -12.25 4.2
-15.6667 -12.6667 -17 -17 0 -11.25 4.2
-17 -12 -15.6667 -14.6667 0 -12.25 4.2
-11 -13 -18 -13.5 12.5 -13.125 4.3
-10.5 -14 -19 -20 14.375 -15 4.3
-6 -9.5 -12.5 -13.5 16.5 -14.625 4.3
-12 -15 -12.5 -16 13.875 -10.5 4.3
-7 -14 -12.5 -22.5 14.75 -14 4.3
-6 -11.5 -11.5 -9.5 18.875 -10.25 4.3
-11.5 -16 -16 -12 16.75 -11.75 4.3
-8.5 -11 -13.5 -11.5 16.25 -12.625 4.3
-8.5 -18 -16 -17 13.875 -11 4.3
-7 -12 -15 -17 16.5 -14.625 4.3
-22.3333 -10.3333 -6.6667 -12.6667 0 -10.7143 4.4
-18.6667 -10.6667 -10.6667 -16.6667 0 -7.8571 4.4
-22 -12.3333 -9.3333 -19 0 -13 4.4
-17.3333 -12.3333 -6.6667 -13.3333 0 -11.5714 4.4
-17 -11.3333 -7.3333 -15.3333 0 -11.4286 4.4
-22.6667 -11.3333 -9.6667 -17.6667 0 -10.4286 4.4
-22 -15 -8.3333 -16.6667 0 -10.7143 4.4
-21.3333 -10 -5.3333 -17 0 -12.4286 4.4
-17.6667 -12.6667 -10 -17.6667 0 -11.2857 4.4
-18.3333 -16.3333 -6.6667 -16.3333 0 -9 4.4
-19.8 -6.2 -18.2 -22.2 -3.7143 -8.7143 4.5
-23.8 -5.6 -17.2 -18 -3.8571 -11.1429 4.5
-23.2 -5.8 -18 -18.4 -3.5714 -7.2857 4.5
-21.8 -4.8 -15.8 -21 -2.2857 -9.7143 4.5
-21.6 -5.4 -19.2 -23.6 -6.7143 -7.2857 4.5
-21.6 -5 -13.4 -19.4 -4.2857 -8.2857 4.5
-20.8 -5.6 -13.6 -18.6 -4.8571 -11 4.5
-22.8 -5.2 -16 -20.6 -3.2857 -8.4286 4.5
-21.8 -3.4 -13.8 -19.6 -5.4286 -11.2857 4.5
-22.4 -3.2 -17.2 -18 -3.7143 -9.8571 4.5
-25 -16 -10 -21 -4.8571 -11.5714 5.1
-25 -20 -16 -26 -4.8571 -11.5714 5.1
-25 -21 -12 -27 -2.4286 -10.7143 5.1
-24 -12 -13 -22 -5 -9.8571 5.1
-26 -24 -14 -27 -6.4286 -9.7143 5.1
-23 -14 -27 -21 -3 -10.5714 5.1
-27 -20 -20 -20 -5.4286 -11.8571 5.1
-24 -22 -11 -21 -3.7143 -11.5714 5.1
-26 -26 -8 -26 -3.8571 -12.1429 5.1
-25 -17 -15 -24 -3 -9.1429 5.1
-7 -15.5 -14 -24.5 -7.75 -9.5 5.2
-11 -11.5 -12.5 -22 -5.5 -9.25 5.2
-5.5 -11 -19 -20.5 -1.75 -8.5 5.2
-6 -16 -15.5 -23 -3.5 -10.75 5.2
-9.5 -17 -11.5 -27 -5 -9.25 5.2
-4.5 -10 -16.5 -22.5 -3.25 -10 5.2
-6 -11.5 -16.5 -27 -0.25 -8.5 5.2
-8.5 -12.5 -11.5 -26.5 -6 -8.5 5.2
-7 -15 -11 -26 -6.25 -11 5.2
-5.5 -9.5 -12.5 -17 -5 -14.5 5.2
-8 -8.5 -6.5 -16 0 -1.5714 5.3
-21 -13.5 -7.5 -18.5 0 -2.1429 5.3
-21 -17.5 -11 -24 0 -1.1429 5.3
-20.5 -10 -10 -22.5 0 -0.5714 5.3
-24 -13.5 -12.5 -25 0 -0.8571 5.3
-19.5 -12 -9 -22.5 0.1429 -2.4286 5.3
-18.5 -10 -10.5 -24.5 0 -0.7143 5.3
-20 -8 -5 -20.5 0 -2.2857 5.3
-20.5 -13.5 -9 -19.5 0.2857 -1.7143 5.3
-10.5 -15.5 -7 -19.5 0 -1.7143 5.3
-25 -9.6 -6.6 -16.8 0 -6.625 5.4
-23.4 -10.4 -11.6 -19.2 0 -5.375 5.4
-24 -12.8 -13.8 -21 0 -6.75 5.4
-21.8 -10.6 -8.8 -18.6 0 -5.75 5.4
-21.4 -13 -12 -16.8 0 -6.5 5.4
-22.6 -10.8 -10.2 -14.2 0 -7.25 5.4
-20.4 -11.4 -11 -16.6 0 -6.25 5.4
-22.2 -9.8 -8.4 -14.6 0 -7 5.4
-25 -12.8 -10.8 -17.2 0 -6.75 5.4
-23.6 -11.8 -14.2 -15 0 -5.75 5.4
-25.3333 -22 -17.6667 -18 0 -9.75 5.5
-20.6667 -15.6667 -9.6667 -17.6667 -0.25 -12.125 5.5
-20.3333 -18.6667 -14 -10.3333 -0.125 -13.5 5.5
-18.6667 -16 -15.6667 -14.3333 0 -9.5 5.5
-22 -17 -11.3333 -15.6667 0 -11.25 5.5
-19 -16.6667 -18.6667 -12.6667 0 -9.5 5.5
-24.3333 -20.6667 -14.3333 -16 0 -12 5.5
-19 -18.6667 -15 -17 0 -8.375 5.5
-21.6667 -17 -10.3333 -12.6667 0 -9.875 5.5
-19.6667 -18 -12.6667 -14 0 -11.875 5.5
-21.6667 -15.3333 -19.3333 -11.3333 -2.5 -4.5 6.1
-19.3333 -10 -19.3333 -12.6667 -5.375 -5.125 6.1
-18.6667 -13.3333 -22.6667 -11.3333 -3.375 -6.75 6.1
-22 -17 -17.6667 -11.3333 -3.875 -7.625 6.1
-21.3333 -11.3333 -17 -13.3333 -4.375 -5.375 6.1
-20.3333 -10.3333 -14.6667 -10.6667 -3.625 -5.75 6.1
-21.3333 -12.6667 -16.3333 -13 -4.75 -5.75 6.1
-22 -11 -14.6667 -15 -5.25 -4.5 6.1
-22.6667 -14.3333 -16.6667 -13.3333 -4.5 -6.125 6.1
-17.3333 -19 -19 -11.6667 -4.875 -4.625 6.1
-15.4 -13.4 -12.2 -16.8 -3.6667 -8.1667 6.2
-16.2 -14.6 -12.2 -15.4 -5.8333 -6.3333 6.2
-16 -12.8 -14.4 -16.4 -9 -4.8333 6.2
-16.8 -12.8 -14.6 -15.8 -5.1667 -7.3333 6.2
-17 -16.4 -11.2 -20.2 -4.8333 -6.1667 6.2
-17.4 -11 -11.8 -17.6 -6 -4.3333 6.2
-16.6 -17.2 -14.4 -17.2 -4 -7.3333 6.2
-16 -14.2 -16.6 -16.4 -6 -7.6667 6.2
-16.6 -10.4 -13.6 -11.8 -6 -4.8333 6.2
-17.2 -11.8 -13.6 -16.6 -5.3333 -6.5 6.2
-10.6667 -11.3333 -3.6667 -9.6667 0 0 6.3
-11 -11.3333 -6.6667 -11.6667 0 0 6.3
-13.3333 -10.6667 -7 -14.3333 0 -0.5 6.3
-15.6667 -9.3333 -8.3333 -13 0 0 6.3
-12.6667 -12.6667 -10.3333 -12 0 0 6.3
-12.6667 -10.6667 -6.3333 -12.3333 0 0 6.3
-14.3333 -9.3333 -7 -10 0 -0.125 6.3
-13.3333 -9 -6.3333 -11 0 0 6.3
-14.3333 -8 -8 -12.3333 0 0 6.3
-16.6667 -10 -10 -12 0 0 6.3
-8.6667 -17 -20.6667 -19.6667 -3.375 -0.125 6.4
-16.3333 -16 -12.6667 -18.6667 -6.25 -0.25 6.4
-15 -14.6667 -12 -21 -5 0 6.4
-12.6667 -11.6667 -14.6667 -21 -5 -0.625 6.4
-12.3333 -16 -14.3333 -17.6667 -4.375 -0.375 6.4
-10.6667 -11.3333 -12.6667 -18 -7.625 -1 6.4
-11.3333 -11 -11.6667 -17.3333 -6.25 -0.75 6.4
-11 -14 -10.3333 -19 -5.25 -0.625 6.4
-13 -12.3333 -19.6667 -13.6667 -4 0 6.4
-11.6667 -13.6667 -15.3333 -18.6667 -3 0 6.4
-26.5 -10.25 -17.5 -10.25 -1.2222 -2.8889 6.5
-26 -13 -14.75 -10.75 -0.8889 -2.2222 6.5
-27.5 -14.75 -15.25 -11 -3.2222 -5.8889 6.5
-25.75 -12.5 -14 -6.5 -0.5556 -4.1111 6.5
-26 -14.25 -11.75 -10 -0.2222 -6.5556 6.5
-24 -9.75 -10.5 -13.5 -0.8889 -3.5556 6.5
-25.75 -14 -13.75 -9.5 -0.1111 -4.3333 6.5
-28 -12 -15.5 -11 0 -5.5556 6.5
-27.5 -14.75 -16 -5.75 -1 -3.4444 6.5
-25.25 -12 -12 -6.75 -1.5556 -3.1111 6.5
-16.5 -16.25 -8.25 -13.75 -12.7143 -2 7.1
-19.25 -16.25 -10.25 -11.5 -11.1429 -0.5714 7.1
-20.75 -19.5 -13.25 -17.5 -12.7143 -1.5714 7.1
-20.5 -18.75 -10.5 -17.5 -11.5714 -2 7.1
-15.75 -18 -12.75 -16.75 -12.1429 -2.4286 7.1
-19 -16.5 -12.75 -13.25 -11.2857 -2.8571 7.1
-13.75 -20.5 -11.5 -13 -11.1429 -0.5714 7.1
-18.25 -16.75 -12 -14 -9.8571 0 7.1
-17.25 -17.5 -8.75 -11 -15.4286 -1.2857 7.1
-19.5 -16.25 -14.75 -18.5 -11.4286 -2.1429 7.1
-25 -7 -22 -7 -14.5 -0.1667 7.2
-19 -10 -24 -12 -17.5 -0.1667 7.2
-27 -9 -22 -11 -11 0 7.2
-26 -9 -19 -10 -16 0 7.2
-22 -8 -21 -12 -14.5 -0.1667 7.2
-24 -7 -20 -5 -12.6667 0 7.2
-25 -7 -22 -8 -15.3333 0 7.2
-25 -11 -25 -8 -17.8333 0 7.2
-28 -7 -23 -6 -14.5 0 7.2
-27 -5 -10 -7 -13.1667 -0.1667 7.2
-29 -16 -10 -9 -5.4286 0 7.3
-28 -15 -12.5 -8.5 -7 0 7.3
-24.5 -12.5 -11 -4 -4.8571 0 7.3
-30.5 -17.5 -11.5 -10.5 -7.7143 0 7.3
-29 -19.5 -10 -6 -7.1429 0 7.3
-28 -17.5 -20.5 -8.5 -9.5714 0 7.3
-29 -16.5 -14 -8 -7.8571 0 7.3
-25.5 -14.5 -15.5 -6 -6.4286 0 7.3
-26.5 -15 -12 -11 -4.8571 0 7.3
-30 -14 -11.5 -8 -6.4286 0 7.3
-22.5 -12.5 -9.5 -12.5 -2 0 7.4
-21.5 -12.5 -7.5 -11 -3.1667 -0.5 7.4
-19 -14 -7 -12.5 -3.6667 0 7.4
-18.5 -17.5 -7 -12.5 -1.8333 -0.3333 7.4
-17 -16 -8 -8.5 -6 -0.1667 7.4
-17 -14.5 -4 -10.5 -1.6667 -1 7.4
-24 -17 -10 -15.5 -5.1667 -0.1667 7.4
-25.5 -13.5 -4 -17.5 -3.3333 0 7.4
-27.5 -17.5 -8 -10 -6.5 0 7.4
-26 -14.5 -9.5 -13.5 -5.3333 -1.5 7.4
-12.5 -19 -6.25 -18.5 -6.25 0 7.5
-15.75 -16.75 -4.5 -18.5 -4.75 -0.125 7.5
-14.5 -18 -5.75 -18.25 -2.5 0 7.5
-16.75 -22 -5.25 -18.75 -5.75 0 7.5
-8.75 -19.75 -6.75 -15 -5.75 0 7.5
-11 -17.75 -4.5 -22 -5.125 0 7.5
-12 -22.25 -7.25 -13.25 -5.875 -0.125 7.5
-11 -16 -10.25 -21 -5 0 7.5
-13.25 -17.25 -6.5 -19 -6.625 0 7.5
-12.75 -15.75 -7.25 -15.75 -3.625 0 7.5
-25.6667 -16 -10 -7.3333 -6.125 -1.25 8.1
-20.3333 -17 -12 -14.3333 -5.375 -2.375 8.1
-21.6667 -17.6667 -12 -15.6667 -7.75 -1.875 8.1
-24 -15.6667 -11.6667 -11 -6.375 -2.25 8.1
-23.6667 -21 -14 -16 -8.125 -1.5 8.1
-24.3333 -21.6667 -19 -16.3333 -7.875 -1.125 8.1
-18.6667 -17.3333 -13 -17.3333 -5.375 -0.875 8.1
-21.3333 -21 -14.3333 -18.3333 -4.75 -2.5 8.1
-21 -17 -13.3333 -16.3333 -6.875 -3.125 8.1
-31.3333 -22.3333 -11.6667 -9.6667 -7 -2.125 8.1
-15.6667 -18.6667 -15 -7.3333 -10.3333 -1 8.2
-13.3333 -14.6667 -16.6667 -10.3333 -8.6667 -0.5 8.2
-18 -13 -18.3333 -10.6667 -12.3333 -0.1667 8.2
-17 -15 -14.3333 -9.6667 -9.1667 0 8.2
-15.6667 -15 -9 -10.3333 -8.5 -0.3333 8.2
-15.3333 -15 -16 -11 -8 -0.5 8.2
-16 -20 -13 -5.6667 -8.6667 0 8.2
-15.3333 -15 -18.3333 -8 -6.5 0 8.2
-17 -14 -13.6667 -8.6667 -8.3333 -0.6667 8.2
-12 -14 -14.3333 -6.3333 -8.1667 0 8.2
-15.5 -18 -3 -9.5 -9.3333 5.6667 8.3
-10.5 -17 -10 -8 -8.8333 8 8.3
-16.5 -10 -11 -8.5 -8.1667 5.8333 8.3
-23 -16 -13 -6.5 -5 1.3333 8.3
-12.5 -12 -14 -14 -5 6 8.3
-17 -21.5 -6 -5 -9 5.3333 8.3
-11.5 -11 -11 -11.5 -7.5 4 8.3
-12 -15.5 -2.5 -6.5 -10.1667 2.8333 8.3
-12.5 -12.5 -2 -8.5 -5.8333 4 8.3
-12 -18.5 -6 -11 -9.5 4.8333 8.3
-10 -11.6667 -5.6667 -14.6667 -2.1429 0 8.4
-13 -13.3333 -6 -13 -3.2857 0 8.4
-17.6667 -12 -3.6667 -14 -1.2857 0 8.4
-13.3333 -13.3333 -5.3333 -8.3333 -2.2857 0 8.4
-12 -14.6667 -9.6667 -16 -5.7143 0 8.4
-8.6667 -15 -5.6667 -10.6667 -4 0 8.4
-11.3333 -12.6667 -5.6667 -12.3333 -2.4286 0 8.4
-15.3333 -13 -8.3333 -15 -2.2857 0 8.4
-13.6667 -13.6667 -8 -13 -2.7143 0 8.4
-11.6667 -14 -9 -16.6667 -3.8571 0 8.4
-17.5 -11.5 -10 -10 -0.5 -0.125 8.5
-16 -18 -4.5 -11 -1.75 -1 8.5
-19.5 -15 -13 -8 -1.5 -1.75 8.5
-19.5 -15.5 -15.5 -11.5 -1.625 -1.75 8.5
-22.5 -15.5 -13.5 -11.5 -0.625 -0.5 8.5
-16.5 -13 -10.5 -8.5 -0.25 -2.375 8.5
-14.5 -11 -10 -10.5 -0.125 -1.125 8.5
-18.5 -14 -15.5 -11 -1 -1.5 8.5
-18.5 -17.5 -8.5 -11 0 -1.125 8.5
-16 -15.5 -6 -10 -0.625 -0.25 8.5
-19.3333 -13.6667 -15.6667 0 -3.7143 -8.2857 9.1
-21.3333 -15 -20.3333 -0.3333 -3.5714 -8.1429 9.1
-20 -14.3333 -16.3333 -0.6667 -4.1429 -9.8571 9.1
-23.6667 -13 -18.3333 -1.6667 -5.2857 -8.8571 9.1
-20.6667 -9.6667 -15.3333 0 -5 -8.1429 9.1
-17.3333 -14.6667 -15.3333 -0.6667 -6.5714 -8.1429 9.1
-20.3333 -11.3333 -13.3333 0 -2.2857 -8.7143 9.1
-21.3333 -11.6667 -16.3333 -0.3333 -2 -8.5714 9.1
-21.3333 -11.6667 -12.6667 -0.6667 -1.5714 -9.7143 9.1
-20.6667 -9.6667 -16 -0.6667 -3.2857 -8.5714 9.1
-23 -7 -18 -3 -5.3333 -5.3333 9.2
-20 -10 -19 0 -6.1667 -2.6667 9.2
-14 -4 -17 0 -6.3333 -6.3333 9.2
-22 -8 -17 0 -7.6667 -4.6667 9.2
-21 -7 -20 0 -6.1667 -5.3333 9.2
-19 -7 -18 -2 -4.3333 -5.6667 9.2
-26 -7 -16 0 -6.6667 -3.6667 9.2
-22 -6 -20 0 -6.8333 -6.3333 9.2
-27 -5 -10 0 -3.8333 -6.5 9.2
-30 -10 -19 0 -4.8333 -5 9.2
-5 -16 -18 -14 -10.25 0 9.3
-3 -14 -11 -9 -11.625 0 9.3
-2 -18 -17 -15 -11.75 0 9.3
-4 -17 -14 -14 -7.5 0 9.3
-2 -21 -15 -12 -12.125 0 9.3
-7 -16 -12 -7 -8.625 0 9.3
-8 -13 -16 -11 -11.75 0 9.3
-9 -21 -13 -4 -11.625 0 9.3
-7 -24 -12 -13 -8.375 0 9.3
-3 -13 -15 -3 -10.375 0 9.3
-17 -8.5 -2 -6.5 -8.8333 -3.3333 9.4
-12 -9 -2.5 -16.5 -9.6667 -1.3333 9.4
-12 -8.5 -2.5 -2 -13.3333 -2.1667 9.4
-11 -12 -2.5 -12 -10.1667 -2.5 9.4
-15 -7 -2 -11 -8.3333 -2.5 9.4
-11 -8.5 -3 -8 -8.5 -3 9.4
-8 -9 -1.5 -10 -9.1667 -3.8333 9.4
-12.5 -4.5 -2.5 -7.5 -9.1667 -3.3333 9.4
-11 -6 -2 -11.5 -11 -3.1667 9.4
-10 -10 -1 -9.5 -9.1667 -2.3333 9.4
-12.5 -21.5 -3.5 -3.5 -10 -3 9.5
-10 -22.5 -8 -6.5 -9.75 -3.125 9.5
-10 -20.5 -2.5 -6.5 -9.375 -3.125 9.5
-14.5 -24 -6.5 -7.5 -10.875 -2.375 9.5
-9 -19 -4 -8.5 -7 -0.875 9.5
-13.5 -20 -2 -8 -8.125 -2.125 9.5
-11.5 -19 -6.5 -10 -10.25 -3.625 9.5
-10 -20.5 0 -5.5 -9.375 -3.125 9.5
-8.5 -23.5 -3.5 -7 -7.75 -4.375 9.5
-12 -18 -4.5 -5.5 -9.75 -3.625 9.5
-13 -18 -16 0 -18.6667 -6.8333 10.1
-15 -24 -19 0 -19.5 -10.5 10.1
-13 -14 -17 0 -17.6667 -6.5 10.1
-21 -15 -17 0 -15.6667 -5.8333 10.1
-23 -16 -16 0 -21.6667 -9.3333 10.1
-16 -21 -18 0 -21 -6.1667 10.1
-24 -22 -13 0 -16.1667 -7.5 10.1
-19 -24 -8 0 -17 -7.6667 10.1
-17 -24 -17 0 -13.8333 -5.8333 10.1
-24 -13 -17 0 -19.8333 -6.5 10.1
-22.5 -21.5 -10 -9 -3.625 -4.25 10.2
-20 -20 -11 -17.5 -4.5 -4.125 10.2
-24.5 -16.5 -3 -11.5 -4.5 -3.625 10.2
-22 -17.5 -6.5 -17.5 -4.875 -3.375 10.2
-20.5 -18 -8 -11.5 -4.625 -3.875 10.2
-20.5 -15 -8.5 -12.5 -6.25 -3.75 10.2
-18.5 -14.5 -8 -15.5 -3.5 -3.5 10.2
-24.5 -17.5 -3.5 -15 -3.5 -4.625 10.2
-21.5 -18 -6.5 -15 -4 -2.625 10.2
-20 -17.5 -8 -16 -4.5 -2.5 10.2
-18 -13 -6.5 -5 -7.5714 -7.5714 10.3
-15 -19.5 -11 -5 -4.7143 -8 10.3
-23 -18 -5 -5.5 -5.2857 -10.2857 10.3
-18.5 -16 -2 -3.5 -6.1429 -7 10.3
-21 -16 -5.5 0 -6.8571 -8.8571 10.3
-17 -19.5 -9 -1 -5.8571 -6.4286 10.3
-17.5 -14.5 -9.5 -4.5 -8 -5 10.3
-15 -15 -8.5 -1.5 -6.5714 -7.8571 10.3
-18.5 -10.5 -8 -1.5 -6 -5.7143 10.3
-17.5 -15.5 -4 -1.5 -6.2857 -9.8571 10.3
-22.75 -12.5 -2.75 -11 -1 -5.8571 10.4
-21.75 -11.25 -3.25 -9.5 -5.1429 -5.5714 10.4
-25.25 -9 -2 -8.5 -2.4286 -8.1429 10.4
-22.5 -11.75 -4.25 -10 -4.2857 -6.1429 10.4
-23 -8.25 -3 -8.75 -4 -6.2857 10.4
-23.25 -12.75 -2 -9 -3 -4.8571 10.4
-21.25 -9.75 -5.25 -9.5 -3.8571 -6 10.4
-17.5 -10.75 -1.5 -6.75 -4.4286 -8 10.4
-22.25 -11 -0.5 -9.25 -5.1429 -8.4286 10.4
-21 -9.25 -1.75 -7.75 -4.8571 -8.7143 10.4
-19.25 -22.5 0 -6.5 -3.125 -6.25 10.5
-20.5 -24.75 0 -12.5 -4.25 -4.375 10.5
-19 -27 0 -8.25 -3.75 -7.375 10.5
-22.75 -26 0 -9.75 -4 -6.125 10.5
-19 -25.25 0 -5.25 -6.375 -5.75 10.5
-18.25 -26.25 0 -8.25 -4.75 -3.25 10.5
-15.5 -24.25 0 -10.75 -4 -3.625 10.5
-19.25 -24.5 0 -7.25 -4.875 -5.5 10.5
-17.25 -24.75 0 -10.25 -2 -6.375 10.5
-14 -23.75 0 -10.25 -4.125 -3.875 10.5
