-0.786885245 -17.967213114 -25.582278481 -32.04 -16.8125 -20.0698 1.1
-9.632352941 -9.483870967 -27.793103448 -29.6491 -15.1134 -20.4105 1.2
-10.724637681 -2.63095238 -25.021978021 -31.8 -17.8452 -25.7412 1.3
-17.488888888 -0.105263157 -21.775510204 -25.2982 -23.7206 -26.7321 1.4
-17.387755102 0.086206896 -29.1667 -27.117647058 -16 -16.0989 1.5
-22.696629213 -25.060975609 -25.987951807 -34.75 -15.4227 -22.2796 2.1
-10.366666666 -8.807692307 -26.674418604 -21.875 -14.2188 -17.3958 2.2
-14.753424657 -10.666666666 -22.466666666 -30.314285714 -21.0435 -11.9195 2.3
-16.933333333 -11.695652173 -13.787878787 -25.029411764 -17.5758 -11.8485 2.4
-21.642857142 0 -30 -26.870967741 -13.5644 -18.466 2.5
-19.657534246 -20.605263157 -29.34375 -30.3396 -20.1196 -23.9341 3.1
-15.919354838 -18.203703703 -17.342857142 -22.5714 -8.6613 -17.2308 3.2
-18.72 -7.2 -15.301369863 -22.6667 -6.9886 -24.7927 3.3
-17.814814814 -13.111111111 -9.142857142 -21.641025641 -14.3918 -12.901 3.4
-21.12345679 -13.292929292 -25.679245283 -22.772151898 -13.1563 -18.3673 3.5
-25.436363636 -22.75 -30.5 -29.88 -6.9694 -22.8043 4.1
-16.486842105 -17.069444444 -23.2946 -18.125 -2.1979 -14.5604 4.2
-24.4179 -17.666666666 -14.612903225 -23.722222222 -3.0928 -15.4242 4.3
-16.432432432 -24.5439 -12.79245283 -19.727272727 -5.3085 -12.68 4.4
-25.292682926 -9.871794871 -23.75 -29.3016 -4.7234 -16 4.5
-26.9107 -22.829787234 -23.109090909 -28.195121951 -17.3895 -21.8495 5.1
-16.707070707 -22.142857142 -20.54347826 -18.5 -0.9192 -12.6353 5.2
-18.0901 -18.648648648 -17.5 -15.5 0.17 -15.7791 5.3
-24.384615384 -19.285714285 -16.514285714 -18.1875 -0.163 -13.3297 5.4
-20.358490566 -22.97368421 -18.02173913 -14.7739 -12.6264 -16.6771 5.5
-30.275862068 -27.904761904 -25.3333 -26.45 -8.4891 -26.9579 6.1
-26.304347826 -31 -27 -24.8087 -4.1714 -13.4375 6.2
-23.109090909 -24.8689 -22.277777777 -24.538461538 0 -15.8 6.3
-26.763636363 -21.0776 -25.434782608 -24.305084745 -2.9111 -13.0306 6.4
-27.111111111 -18.6293 -19.166666666 -18.5 -7.2475 -17.3077 6.5
-25.88095238 -26.9858 -19.217391304 -18.20289855 -17.7041 -17.697 7.1
-25.813333333 -21.1538 -15.721518987 -16.23076923 -10.1758 -12.6837 7.2
-23.181818181 -27.2273 -13.945205479 -14.884615384 -8.7475 0 7.3
-26.94847 -16.95 -18.314285714 -19.615384615 -15.4063 0 7.4
-28.7059 -25.76056338 -12.407894736 -20.671875 -11.79 -11.2198 7.5
-30.5943 -28.586206896 -16.802631578 -6.636363636 -21.0625 -11.5143 8.1
-14.81081081 -27.3611 -14.415094339 -13.541666666 -19.78 -4.7843 8.2
-19.174603174 -21.0606 -17.25 -12.314285714 -16.1935 0 8.3
-19 -19.785714285 -6.761904761 -11.565217391 -9.7209 0 8.4
-22.0851 -26.683544303 -7.276595744 -12.263736263 -23.6548 -5.9802 8.5
-32.4359 -28.557377049 -22.3 -10.826086956 -15.8061 -11.9515 9.1
-30.05 -22.2105 -17.419354838 -7.833333333 -14.4848 0 9.2
-26.06557377 27.5455 -17.296296296 -6.04347826 -16.2464 0 9.3
-21.982300884 -23.3636 -19.822222222 -11.269230769 -10.5208 0 9.4
-27.666666666 -27.642857142 -9.208333333 -20.825 -20.8281 -12.2553 9.5
-34.018518518 -31.7857 -30.338461538 -0.450704225 -21.567 -20.618 10.1
-27.259259259 -31.6 -17.469 -7.4 -15.4167 -12.2255 10.2
-31.547619047 -25.90625 -16.819444444 -11.6552 -19.0794 -0.1912 10.3
-20.56626506 -29.953846153 -0.960784313 -4.5556 -14.575 -7.6774 10.4
-23.6757 -28.157894736 0 -13.909090909 -22.5567 -7.3366 10.5
