0 -0.333333333333333 -19.6666666666667 -33.4166666666667 1.1
-0.566666666666667 0 -13.8333333333333 -13.5 1.2
-9.97674418604651 0 -25.6046511627907 -17.8139534883721 1.3
-5.63414634146341 0.439024390243902 -12.2682926829268 -11.219512195122 1.4
-9.62162162162162 10.2972972972973 -20.6486486486486 -18.5945945945946 1.5
-18.1818181818182 -18.9090909090909 -15.3636363636364 0 10.1
-20.9310344827586 -17.7586206896552 -6.48275862068965 -13.7586206896552 10.2
-17.8846153846154 -15.5384615384615 -6.42307692307692 -3.46153846153846 10.3
-22.0816326530612 -10.7142857142857 -2.3265306122449 -9.06122448979592 10.4
-18.4468085106383 -25.1702127659574 0 -9.04255319148936 10.5
-4.80392156862745 -13.5098039215686 -9.58823529411765 -21.8823529411765 2.1
-2.63636363636364 -6.13636363636364 -4.31818181818182 -29.3181818181818 2.2
-4 -10.3225806451613 -18.741935483871 -20.5161290322581 2.3
-15.7142857142857 -1.5 -12.5714285714286 -14.5 2.4
-15.7843137254902 -0.137254901960784 -18.4901960784314 -22.7647058823529 2.5
-7.52941176470588 -14.4117647058824 -16.1764705882353 -28.1764705882353 3.1
-3.33333333333333 -12.9230769230769 -15.5384615384615 -24.2307692307692 3.2
-14.7 -9.725 -15.75 -21.8 3.3
-12.7931034482759 -3.44827586206897 -5.75862068965517 -23 3.4
-17 -4.8695652173913 -24.0869565217391 -23.3913043478261 3.5
-11.8409090909091 -12.5227272727273 -15.5909090909091 -21.5681818181818 4.1
-16.0322580645161 -12.741935483871 -16.6129032258065 -16.9354838709677 4.2
-8.85714285714286 -13.3571428571429 -14.2857142857143 -15.5357142857143 4.3
-19.3823529411765 -12.1470588235294 -7.91176470588235 -16.4117647058824 4.4
-22.1153846153846 -4.98076923076923 -16.3269230769231 -19.7692307692308 4.5
-25.4444444444444 -18.3333333333333 -15.5555555555556 -22.8333333333333 5.1
-7.14814814814815 -12.7777777777778 -14.4074074074074 -23.1111111111111 5.2
-17.8461538461538 -11.6538461538462 -8.53846153846154 -20.8846153846154 5.3
-22.9272727272727 -11.3636363636364 -10.6 -17.2 5.4
-20.4736842105263 -18.1315789473684 -13.7631578947368 -14.3157894736842 5.5
-20.7142857142857 -13.5714285714286 -18.0857142857143 -12.8 6.1
-16.52 -13.46 -13.46 -16.42 6.2
-13.625 -10.21875 -7.53125 -11.96875 6.3
-12.2702702702703 -13.6216216216216 -14.1621621621622 -18.4594594594595 6.4
-26.1489361702128 -13.1914893617021 -13.9787234042553 -9.48936170212766 6.5
-18.3181818181818 -17.5909090909091 -11.75 -15.1363636363636 7.1
-23.9230769230769 -8.07692307692308 -21.3076923076923 -8.76923076923077 7.2
-28.12 -16.2 -12.4 -7.96 7.3
-21.6363636363636 -14.7727272727273 -7.45454545454545 -12.8181818181818 7.4
-12.6585365853659 -18.5121951219512 -6.39024390243902 -18.0975609756098 7.5
-23.3548387096774 -18.741935483871 -13.1612903225806 -14.2903225806452 8.1
-15.3939393939394 -15.4848484848485 -14.5151515151515 -8.60606060606061 8.2
-14.2727272727273 -15.0454545454545 -8.27272727272727 -8.5 8.3
-12.9032258064516 -13.4516129032258 -6.70967741935484 -13.3870967741935 8.4
-17.9 -14.65 -10.7 -10.3 8.5
-21.0285714285714 -12.5714285714286 -16.0571428571429 -0.628571428571429 9.1
-22.4 -7.1 -17.4 -0.5 9.2
-5.53846153846154 -16.5384615384615 -14.3846153846154 -9.92307692307692 9.3
-12 -8.54545454545454 -2.18181818181818 -9.5 9.4
-10.7692307692308 -21.0384615384615 -4.65384615384615 -6.84615384615385 9.5
