-15.8034 -22.2419 -33.4667 -35.0000
-0.8027  -3.2450 -15.1118 -21.0058
-6.6547   0.0001 -19.0269 -25.2993
-13.4481 -13.6143 -12.2133 -20.4219
-18.9854  -4.5641 -13.6639  -4.6611
-21.7051 -13.8472 -24.8857 -12.2727
-9.8815  -0.0183 -12.8022 -18.2921
-12.0369 -13.5915  -5.0952  -4.3913
-7.7800  -3.6216 -12.8947  -7.4483
-5.3478 -10.2714  -1.8582  -9.2500
-13.3814 -20.8356 -13.0303 -18.9808
-17.4065 -24.0876   0.0001 -13.1605
-8.0227 -20.4017  -1.0753  -2.9418
-10.1356 -12.9082  -6.6216  -3.4681
-24.4265 -14.3408 -12.2055   0.1200