-15.803400 -22.241900 -33.466700 -35.0000000
-0.802700  -3.245000 -15.111800 -21.0058000
-9.343472 -11.915340  -4.538006  -5.2735902
-8.343357  -4.052385 -12.913154  -8.1428806
-21.849955 -12.453793 -12.427915   0.1617762
-17.824290 -21.961809 -28.537582 -28.8490220
-1.204046  -2.625527 -13.645029 -20.1796962
-12.036900 -13.591500  -5.095200  -4.3913000
-7.780000  -3.621600 -12.894700  -7.4483000
-22.464566 -13.644099 -14.035526   0.1528278
-16.562587 -23.142046 -28.745712 -30.2673637
-1.401192  -4.116441  -9.634958 -15.4910085
-11.409616 -15.084021  -3.525314  -4.3038754
-7.691441  -3.962576 -11.564930  -6.1841978
-24.426500 -14.340800 -12.205500   0.1200000