0.5466002 0.3632716 0.04365888 0.0000000
0.9737272 0.9041856 0.56629271 0.3984681
0.8070985 0.9965831 0.45481492 0.2762158
0.6136646 0.6089322 0.64882403 0.4150940
0.4559966 0.8666259 0.60751993 0.8638639
0.3785564 0.6023007 0.28799260 0.6471327
0.7152192 0.9960621 0.63205581 0.4757375
0.6538468 0.6095814 0.85150342 0.8715461
0.7750569 0.8934624 0.62942198 0.7845017
0.8443109 0.7041173 0.94367312 0.7332005
0.6155638 0.4033144 0.62556093 0.4561276
0.5009539 0.3107175 0.99658314 0.6218536
0.7681464 0.4156691 0.96596526 0.9128189
0.7079841 0.6290376 0.80804100 0.8978331
0.3010678 0.5882460 0.64904613 1.0000000