1.0000000 0.6646021 0.07987352 0.0000000
1.0000000 0.8791126 0.29173741 0.0000000
0.7369611 1.0000000 0.24792781 0.0000000
0.8495724 0.8293253 1.00000000 0.0000000
0.0000000 1.0000000 0.36900279 0.9932738
0.2521684 0.8751685 0.00000000 1.0000000
0.4602546 1.0000000 0.30042465 0.0000000
0.1689746 0.0000000 0.92349079 1.0000000
0.5515631 1.0000000 0.00000000 0.5873333
0.5852232 0.0000000 1.00000000 0.1214045
0.9550177 0.0000000 1.00000000 0.2376334
0.2773668 0.0000000 1.00000000 0.4536400
0.6405228 0.0000000 1.00000000 0.9034223
0.2937045 0.0000000 0.66594634 1.0000000
0.0000000 0.4108814 0.49787139 1.0000000