-15.80340 -22.24190 -33.46670 -35.00000
-10.41681 -18.20885 -30.30524 -32.04460
-15.32910 -18.13506 -29.32987 -32.37588
-18.36461 -22.84760 -28.82437 -32.31014
-15.24190 -19.20835 -25.94850 -26.68711
-17.82429 -21.96181 -28.53758 -28.84902
-15.62516 -14.73277 -27.36378 -30.78437
-19.74800 -20.68616 -32.93111 -26.95929
-17.12460 -20.41880 -28.78318 -29.55411
-15.67063 -21.04424 -29.30507 -25.21096
-16.56259 -23.14205 -28.74571 -30.26736
-18.18357 -23.09882 -19.32197 -23.63172
-18.71886 -22.95777 -22.78468 -26.42256
-16.92967 -22.34125 -25.81491 -24.53828
-17.03922 -22.11881 -25.48412 -19.79558