-15.803400 -22.241900 -33.466700 -35.000000
-0.802700  -3.245000 -15.111800 -21.005800
-6.654700   0.000000 -19.026900 -25.299300
-13.448100 -13.614300 -12.213300 -20.421900
-18.985400  -4.564100 -13.663900  -4.661100
-17.824290 -21.961809 -28.537582 -28.849022
-1.204046  -2.625527 -13.645029 -20.179696
-8.573040   0.000000 -21.363099 -21.066638
-12.540063 -12.167044 -12.195846 -18.679930
-19.519434  -5.000326 -15.431391  -4.403279
-16.562587 -23.142046 -28.745712 -30.267364
-1.401192  -4.116441  -9.634958 -15.491008
-8.126269   0.000000 -14.780899 -20.647231
-12.397320 -13.312580 -10.938146 -15.509630
-21.224156  -5.255655 -13.419365  -3.457443