0.4627080 0.3075167 0.03695812 0.0000000 0.3052004 0.4937077
0.8242796 0.7654113 0.47937813 0.3373112 0.6264803 0.7840747
0.6832251 0.8436276 0.38500994 0.2338222 0.7622778 0.8408051
0.5194794 0.5154733 0.54924254 0.3513854 0.8436276 0.7657077
0.3860102 0.7336161 0.51427779 0.7312781 0.8330533 0.6426177
0.3204556 0.5098596 0.24379150 0.5478108 0.8310600 0.4447653
0.6054474 0.8431865 0.53504791 0.4027213 0.8094583 0.7302416
0.5534944 0.5160229 0.72081470 0.7377813 0.7443037 0.8375053
0.6561012 0.7563338 0.53281832 0.6640964 0.8436276 0.8415354
0.7147261 0.5960494 0.79883820 0.6206689 0.7397722 0.8436276
0.5210871 0.3414137 0.52954986 0.3861211 0.4991166 0.7872781
0.4240675 0.2630286 0.84362760 0.5264116 0.6467466 0.7088641
0.6502513 0.3518723 0.81770895 0.7727195 0.7460753 0.8393829
0.5993227 0.5324929 0.68402290 0.7600337 0.8101766 1.0000000
0.2548599 0.4979620 0.54943055 0.8465200 0.6941344 0.6519578