0.9667926 0.82666187 0.33025450 0.00000000 1.00000000 0.6084088
1.0000000 0.65410195 0.21280304 0.00000000 0.52721920 0.2245004
0.7178760 1.00000000 0.43466730 0.00000000 0.53624518 0.4621093
0.2089335 0.39567037 0.43314235 0.00000000 1.00000000 0.7442519
0.3915062 0.70186396 0.42759027 0.00000000 1.00000000 0.7915504
0.0000000 0.26603806 0.22154189 0.02620663 1.00000000 0.2037196
0.4129943 1.00000000 0.36982162 0.00000000 0.70271580 0.2331838
0.0000000 0.64970299 0.08111679 0.48806095 0.44798076 1.0000000
0.1569731 0.45171209 0.20945024 0.00000000 1.00000000 0.6115753
0.2720071 0.26113897 0.00000000 0.31311267 0.48922768 1.0000000
0.5747469 0.36331753 0.51467960 0.00000000 0.90774076 1.0000000
0.0000000 0.13318742 1.00000000 0.53490795 0.01562215 0.7357327
0.0000000 0.26371140 0.91655083 0.42586289 0.26651923 1.0000000
0.0000000 0.03565672 0.28634270 0.28913319 0.52483862 1.0000000
0.0000000 0.10369223 0.44276691 1.00000000 0.26465330 0.8086525