-15.8034 -22.2419 -33.4667 -35 -22.338 -14.5173
-0.8027 -3.245 -15.1118 -21.0058 -9.0089 -2.4707
-6.6547 0 -19.0269 -25.2993 -3.375 -0.1171
-13.4481 -13.6143 -12.2133 -20.4219 0 -3.2327
-18.9854 -4.5641 -13.6639 -4.6611 -0.4387 -8.3394
-21.7051 -13.8472 -24.8857 -12.2727 -0.5214 -16.5478
-9.8815 -0.0183 -12.8022 -18.2921 -1.4176 -4.7041
-12.0369 -13.5915 -5.0952 -4.3913 -4.1207 -0.254
-7.78 -3.6216 -12.8947 -7.4483 0 -0.0868
-5.3478 -10.2714 -1.8582 -9.25 -4.3087 0
-13.3814 -20.8356 -13.0303 -18.9808 -14.2929 -2.3378
-17.4065 -24.0876 0 -13.1605 -8.1681 -5.591
-8.0227 -20.4017 -1.0753 -2.9418 -4.0472 -0.1761
-10.1356 -12.9082 -6.6216 -3.4681 -1.3878 6.4875
-24.4265 -14.3408 -12.2055 0.12 -6.2021 -7.9519
