0.5114261 0.4372980 0.1747022 0.0000000 0.5289926 0.3218437
0.9987817 0.7100043 0.3415804 0.1639191 0.6040747 0.3513461
0.5543386 0.7149940 0.3930656 0.1455446 0.4509091 0.4086925
0.2796991 0.3963420 0.4197485 0.1491912 0.7738295 0.6140794
0.5622282 0.6424205 0.5715519 0.4610682 0.7194549 0.6655943
0.3285848 0.4562372 0.4348867 0.3411594 0.8084124 0.4263351
0.5275522 0.9450501 0.4968463 0.2338169 0.7336117 0.3996650
0.1545362 0.5424937 0.2029735 0.4459723 0.4220392 0.7516668
0.3918896 0.5605720 0.4219229 0.3020521 0.8743633 0.6520636
0.5234382 0.5182814 0.3943749 0.5429421 0.6265060 0.8688597
0.4427382 0.3764320 0.4239005 0.2624922 0.5471682 0.5761016
0.2960789 0.3793551 0.9213348 0.6305333 0.3058467 0.7561001
0.2476479 0.3888924 0.7385548 0.4757412 0.3903963 0.7832504
0.4095259 0.4305802 0.5786038 0.5802515 0.7194295 1.0000000
0.3996142 0.4456212 0.5960645 0.8433021 0.5170377 0.7584036

