0.9372104 0.6228720 0.0748583 0.00000000 0.6181802 1.0000000
1.0000000 0.8791126 0.2917374 0.00000000 0.5938148 0.9174384
0.7369611 1.0000000 0.2479278 0.00000000 0.8665971 0.9953714
0.3414863 0.3333480 0.4019508 0.00000000 1.0000000 0.8417042
0.0000000 0.7775669 0.2869244 0.77233686 1.0000000 0.5740105
0.1305435 0.4530604 0.0000000 0.51768366 1.0000000 0.3422179
0.4602546 1.0000000 0.3004247 0.00000000 0.9234259 0.7435782
0.1165586 0.0000000 0.6370234 0.68979944 0.7100881 1.0000000
0.3966513 0.7191404 0.0000000 0.42237508 1.0000000 0.9932686
0.4793504 0.0000000 0.8190899 0.09944117 0.5805148 1.0000000
0.4029777 0.0000000 0.4219583 0.10027138 0.3537015 1.0000000
0.2773668 0.0000000 1.0000000 0.45364005 0.6609002 0.7678889
0.6120461 0.0000000 0.9555415 0.86325746 0.8086039 1.0000000
0.1429492 0.0000000 0.3241234 0.48671097 0.5939667 1.0000000
0.0000000 0.4108814 0.4978714 1.00000000 0.7424439 0.6711588