-52.613512345679 -65.2291962962963 -81.540875308642 -87.0932691358025 -72.8401666666667 -71.5356 1.1
-60.0470488372093 -61.1015124031008 -78.4256550387597 -87.3256015503876 -76.0823666666667 -68.1715666666667 1.2
-66.5288555555556 -56.5050777777778 -84.0279 -83.8834444444444 -70.4027 -76.4296333333333 1.3
-66.1706333333333 -47.8934333333333 -74.0541666666667 -77.8581333333333 -70.3945666666667 -73.5969666666667 1.4
-66.1535666666667 -51.45385 -84.5405416666667 -78.8367583333333 -68.9492666666667 -70.8927666666667 1.5
-76.079013986014 -72.0292055944056 -72.1709554778555 -65.6864738927739 -73.7034 -62.6309666666667 10.1
-66.9116689922481 -72.992119379845 -76.5351302325581 -74.1446379844961 -68.7996333333333 -58.0192 10.2
-68.5936666666667 -69.4507777777778 -69.8959777777778 -75.1608 -75.8715333333333 -61.6950666666667 10.3
-71.9163606060606 -69.9449909090909 -62.2069303030303 -72.531696969697 -70.9098666666667 -56.2873333333333 10.4
-71.057368627451 -68.7494163398693 -62.5307960784314 -80.1731607843137 -69.6638333333333 -60.3094 10.5
-63.0143786324786 -69.3185698005698 -79.616445014245 -85.3014974358974 -75.0553333333333 -70.9132666666667 2.1
-59.4117677419355 -66.5184172043011 -75.1524559139785 -83.1369258064516 -62.9097333333333 -66.2291666666667 2.2
-63.2794016563147 -60.1501530020704 -79.1984763975155 -86.0639552795031 -57.7974666666667 -67.0868666666667 2.3
-71.0672818930041 -59.9432781893004 -73.4225469135802 -78.7877773662552 -67.2116333333333 -62.1149333333333 2.4
-74.6216288065844 -57.3786386831276 -79.6994514403292 -82.1050847736626 -64.9671 -69.1649 2.5
-73.5268988980716 -71.7699121212121 -81.0007187327824 -87.0888512396694 -68.0014666666667 -72.4658 3.1
-61.6663639455782 -68.6630102040816 -76.2118272108844 -79.6928925170068 -55.3304666666667 -68.1682666666667 3.2
-70.6162666666667 -66.7509507936508 -72.4310301587302 -84.0668920634921 -55.6841333333333 -70.2685333333333 3.3
-73.7288666666667 -63.1045333333333 -70.9530666666667 -82.6106333333333 -62.5785666666667 -67.9214 3.4
-74.0248987654321 -68.6650888888889 -80.1417827160494 -81.4493160493827 -62.0921333333333 -68.5686333333333 3.5
-76.8320467836257 -72.1831426900585 -81.4383660818713 -80.7873011695906 -61.6070333333333 -68.24 4.1
-70.5321232558139 -66.3152651162791 -70.3828860465116 -77.4181023255814 -57.9777 -66.5008666666667 4.2
-73.2311904538341 -70.5152989045383 -77.9381984350548 -84.0523356807512 -28.1935333333333 -65.3595666666667 4.3
-68.4075666666667 -67.4492818181818 -78.0203090909091 -77.5306121212121 -51.4270666666667 -68.0341 4.4
-71.7109619047619 -66.3868619047619 -75.7328761904762 -84.5221714285714 -66.8895666666667 -69.6717666666667 4.5
-69.0326666666667 -66.1356 -78.1242 -79.7869666666667 -69.1460666666667 -70.3582666666667 5.1
-69.0887868766404 -71.9340223097113 -74.0268632545932 -82.546513648294 -67.7901666666667 -68.8647666666667 5.2
-70.6762685990338 -71.3856666666667 -73.3227594202898 -81.7325420289855 -48.1391333333333 -64.9688 5.3
-73.8086634920635 -72.2658634920635 -76.9932253968254 -80.0457222222222 -61.5651333333333 -65.7785666666667 5.4
-68.4111 -70.1473222222222 -78.8797888888889 -81.4905 -64.9290333333333 -67.9051 5.5
-75.2214857142857 -72.9794380952381 -76.4584333333333 -80.6706142857143 -74.0238666666667 -62.9182666666667 6.1
-67.2022698113208 -66.0687368972746 -75.6007576519916 -76.1633507337526 -65.1658 -64.3643 6.2
-68.3922232323232 -70.9927343434343 -74.3933323232323 -81.7557454545454 -61.4289333333333 -58.8663 6.3
-68.6182869565217 -70.383384057971 -68.6556347826087 -81.1649927536232 -61.8165 -63.6089333333333 6.4
-69.4040333333333 -71.9318333333333 -71.1361333333333 -79.2417666666667 -65.19 -66.7969333333333 6.5
-79.486468852459 -75.4813896174863 -77.9895655737705 -75.5283907103825 -78.3112666666667 -61.8114 7.1
-77.5330188118812 -69.8351594059406 -72.672597909791 -75.3168548954895 -66.0970333333333 -61.8791666666667 7.2
-79.4305111111111 -74.4816333333333 -71.5608555555556 -77.0718777777778 -73.9603 -44.8443333333333 7.3
-74.3837997493734 -77.3240376775271 -69.8455350877193 -74.9273339181287 -72.1560666666667 -56.1771666666667 7.4
-72.024041786108 -71.4161539140022 -72.1933517456817 -78.9678868430724 -65.5561 -58.422 7.5
-84.3802743961353 -75.3865053140097 -76.6272173913043 -75.1853410628019 -72.8092666666667 -66.2403333333333 8.1
-75.3628025641026 -73.386541025641 -74.7477358974359 -78.3694974358974 -69.2422666666667 -54.0476666666667 8.2
-73.8648709844559 -72.5052150259067 -76.3382117443869 -76.2673552677029 -71.8210666666667 -43.9996666666667 8.3
-70.6710951026856 -75.3935025276461 -74.3823001579779 -76.6772769352291 -68.8597666666667 -52.3659666666667 8.4
-70.4306070175439 -73.5422701754386 -72.7115894736842 -82.000252631579 -65.095 -58.1729333333333 8.5
-79.4702 -80.0588193548387 -73.1752043010753 -68.2154913978495 -72.2121333333333 -62.8588666666667 9.1
-75.9402 -76.1025 -70.2972666666667 -69.5083 -75.37 -57.3283333333333 9.2
-76.9238555555556 -78.7451666666667 -67.2208111111111 -68.3761555555556 -66.1544666666667 -51.7227 9.3
-67.4544502283105 -77.9502337899543 -59.9722566210046 -73.9942264840183 -70.2642 -61.3879666666667 9.4
-75.5168142557652 -78.8213320754717 -60.1489775681342 -73.6730979035639 -73.9141 -60.2428666666667 9.5
