-48.9605 -57.5898 -85.2666 -85.4426 -64.0205 -68.3036 1.1
-60.685 -62.7948 -80.2516 -86.3666 -72.3161 -63.4273 1.2
-71.6366 -45.9241 -86.5242 -80.6321 -70.1093 -79.6348 1.3
-63.554 -47.3501 -75.3599 -78.0938 -65.9663 -71.7946 1.4
-61.9503 -50.8282 -82.6684 -73.6315 -66.6478 -71.8415 1.5
-84.9149 -73.2 -69.5652 -58.1905 -80.3602 -62.8731 10.1
-75.9291 -74.0177 -72.0388 -65.8361 -64.4859 -55.2665 10.2
-72.892 -74.4805 -68.75 -63.9296 -72.186 -67.3948 10.3
-78.5695 -82.989 -56.5408 -67.7944 -71.4988 -60.2681 10.4
-78.2903 -81.8899 -46.7833 -77.9213 -67.3915 -59.8918 10.5
-62.1749 -67.3403 -79.3446 -83.0443 -64.6326 -68.0408 2.1
-62.3288 -61.5096 -75.2952 -85.7562 -70.9544 -66.7304 2.2
-62.3544 -65.3279 -81.436 -88.7362 -61.3634 -69.383 2.3
-67.457 -51.6242 -71.6067 -77.8405 -60.8571 -60.9619 2.4
-72.368 -48.0496 -78.9545 -78.1106 -59.4557 -69.1429 2.5
-75.9615 -75.4378 -77.439 -84.8178 -68.916 -73.5122 3.1
-62.496 -66.0323 -77.2333 -80.7537 -68.6448 -71.9223 3.2
-71.3338 -66.7177 -71.491 -82.8383 -55.7286 -63.5142 3.3
-80.9272 -63.7419 -66.0837 -81.7821 -56.8321 -66.6358 3.4
-73.2584 -64.0364 -83.9772 -76.2424 -62.0478 -70.5926 3.5
-70.1513 -77.6345 -84.9953 -77.7803 -56.8683 -61.7158 4.1
-73.319 -67.8638 -70.2721 -81.2322 -56.0635 -66.3043 4.2
-70.3881 -72.3622 -75.5128 -79.6397 -24.5806 -64.9847 4.3
-72.0093 -69.7229 -77.5711 -78.32 -50.0706 -67.9013 4.4
-76.2161 -66.2042 -72.0401 -83.8432 -71.8945 -69.1429 4.5
-69.5442 -62.2257 -77.2893 -81.2603 -63.1524 -71.8857 5.1
-64.4779 -70.001 -69.3793 -79.8255 -65.6167 -68.8837 5.2
-71.0854 -68.8081 -69.0264 -79.0209 -48.3062 -69.8839 5.3
-69.3755 -74.5945 -80.9952 -75.6279 -56.4954 -65.6369 5.4
-69.5061 -71.9529 -74.496 -77.4628 -58.8093 -63.4355 5.5
-77.0089 -69.3493 -71 -85.694 -74.0116 -61.4693 6.1
-64.5389 -66.6788 -69.5622 -73.0114 -64.2246 -62.9661 6.2
-67.9139 -71.6433 -77 -84.4742 -57.3172 -61.1755 6.3
-68.8421 -70.5 -64.0556 -76.2 -60.0065 -64.9615 6.4
-67.3077 -70.4 -71.2609 -73.4667 -58.4034 -69.2174 6.5
-74.9113 -76.7778 -81.3571 -74.687 -68.8004 -61.9866 7.1
-77.5818 -67.3216 -67.8966 -77.3936 -71.6591 -60.228 7.2
-75.306 -76.8687 -74.4949 -75.2689 -73.7143 -46.4303 7.3
-82.6118 -78.021 -73.3683 -74.117 -64.9628 -54.7471 7.4
-68.7396 -63.747 -72.0451 -68.5821 -66.4183 -56.9266 7.5
-83.3545 -76.8066 -79.2903 -85.0524 -66.7064 -63.6671 8.1
-77.1002 -69.6609 -82.5381 -80.7637 -76.8178 -48.7508 8.2
-76.2652 -72.6943 -84.9455 -75.2351 -71.8244 -43.0389 8.3
-70.3397 -71.182 -73.6235 -83.6196 -69.0959 -53.9953 8.4
-69.5807 -71.7374 -76.3858 -89.2592 -64.285 -52.6286 8.5
-79.3353 -81.3012 -72.6178 -70.6275 -65.5594 -54.5786 9.1
-80.6494 -76.4576 -75.2901 -72.9472 -71.86 -52.4252 9.2
-83.8227 -73.1687 -73.1535 -67.9849 -68.5088 -47.6512 9.3
-67.5388 -76.0193 -59.7971 -69.0236 -74.8046 -67.2369 9.4
-74.0613 -83.958 -70.4495 -75.1549 -66.5281 -63.7448 9.5
