-48.6107382550336 -56.8993288590604 -85 -85.3624161073825 "1.1"
-60.6594594594595 -62.5567567567568 -79.9243243243243 -86.2162162162162 "1.2"
-71.1379310344828 -45.2155172413793 -86.2413793103448 -80.9741379310345 "1.3"
-63.6309523809524 -47.7261904761905 -75.4880952380952 -78.3333333333333 "1.4"
-61.4540816326531 -50.780612244898 -82.3469387755102 -73.2704081632653 "1.5"
-86.0718954248366 -73.0980392156863 -69.9738562091503 -58.1176470588235 "10.1"
-76.7666666666667 -74.0666666666667 -72.3333333333333 -66.0333333333333 "10.2"
-73.3220338983051 -74.7966101694915 -68.5847457627119 -63.6610169491525 "10.3"
-78.5454545454545 -83.3636363636364 -55.7727272727273 -67.1136363636364 "10.4"
-78 -82.027027027027 -45.7837837837838 -77.5135135135135 "10.5"
-61.9016393442623 -67.672131147541 -79.8934426229508 -83.2049180327869 "2.1"
-62.1472868217054 -61.077519379845 -74.9767441860465 -85.8449612403101 "2.2"
-60.5670103092784 -64.020618556701 -80.319587628866 -88.6185567010309 "2.3"
-68.8410852713178 -52.6395348837209 -72.3720930232558 -78.3488372093023 "2.4"
-71.8214285714286 -47.75 -78.4107142857143 -77.5357142857143 "2.5"
-75.3088235294118 -75.9264705882353 -76.8529411764706 -84.9705882352941 "3.1"
-62.6842105263158 -65.2017543859649 -77.8684210526316 -80.9561403508772 "3.2"
-70.5168539325843 -66.7752808988764 -71.2078651685393 -83.376404494382 "3.3"
-80.6969696969697 -63 -65.5454545454545 -81.6565656565657 "3.4"
-73.1940298507463 -63.9253731343284 -83.8208955223881 -76.2238805970149 "3.5"
-70.5542168674699 -78.3132530120482 -84.8313253012048 -78.3192771084337 "4.1"
-73.1756756756757 -68.027027027027 -69.4279279279279 -80.9504504504504 "4.2"
-70.650406504065 -72.4146341463415 -75.4227642276423 -79.6260162601626 "4.3"
-72.4326923076923 -69.5865384615385 -77.8076923076923 -77.6826923076923 "4.4"
-75.7685185185185 -65.3796296296296 -71.7777777777778 -83.6111111111111 "4.5"
-68.6578947368421 -61.8947368421053 -76.5789473684211 -81.4473684210526 "5.1"
-64.6037151702786 -70.4086687306501 -69.6965944272446 -80.0804953560371 "5.2"
-71.1571428571429 -68.9428571428571 -69.2190476190476 -79.5285714285714 "5.3"
-70.0568181818182 -74.2159090909091 -80.5227272727273 -75.6590909090909 "5.4"
-69.6204819277108 -71.6506024096386 -74.7590361445783 -77.7048192771084 "5.5"
-76.0240963855422 -68.855421686747 -69.8795180722892 -85.5542168674699 "6.1"
-65.1311475409836 -67.983606557377 -70.4016393442623 -73.3852459016394 "6.2"
-66.9032258064516 -70.2903225806452 -76.247311827957 -84.4193548387097 "6.3"
-71.3870967741936 -74 -65.3225806451613 -75.8064516129032 "6.4"
-66.6336633663366 -70.6930693069307 -71.8613861386139 -72.7128712871287 "6.5"
-74.88 -78.76 -83.08 -76.28 "7.1"
-77.765690376569 -67.2175732217573 -67.4560669456067 -77.6234309623431 "7.2"
-75.7211538461538 -76.5384615384615 -74.2884615384615 -75.125 "7.3"
-82.8961038961039 -78.1688311688312 -73.2987012987013 -73.1688311688312 "7.4"
-70.3636363636364 -65.6818181818182 -73.8181818181818 -70.5909090909091 "7.5"
-83.3913043478261 -74.6086956521739 -79.0869565217391 -85.4782608695652 "8.1"
-76.8297872340426 -69.5957446808511 -83.1382978723404 -80.8829787234042 "8.2"
-75.7088607594937 -72.3417721518987 -85.6835443037975 -74.2658227848101 "8.3"
-71.0224719101124 -71.6516853932584 -74.1910112359551 -84.1011235955056 "8.4"
-68.3793103448276 -70.7586206896552 -75.5977011494253 -89.2528735632184 "8.5"
-79.4186046511628 -80.9069767441861 -73.4186046511628 -72.1162790697674 "9.1"
-80.5522388059701 -76.5820895522388 -75.2835820895522 -72.6417910447761 "9.2"
-84.1578947368421 -72.9736842105263 -72.2894736842105 -67.1842105263158 "9.3"
-67.9377777777778 -76.28 -59.9777777777778 -68.9466666666667 "9.4"
-73.4166666666667 -84.5 -69.7916666666667 -74.2083333333333 "9.5"
