-0.786885245 -17.967213114 -25.582278481 -32.040000000 1.1
-9.632352941 -9.483870967 -27.793103448 -29.6491 1.2
-10.724637681 -2.630952380 -25.021978021 -31.800000000 1.3
-17.488888888 -0.105263157 -21.775510204 -25.2982 1.4
-17.387755102 0.086206896 -29.1667 -27.117647058 1.5
-22.696629213 -25.060975609 -25.987951807 -34.7500 2.1
-10.366666666 -8.807692307 -26.674418604 -21.875000000 2.2
-14.753424657 -10.666666666 -22.466666666 -30.314285714 2.3
-16.933333333 -11.695652173 -13.787878787 -25.029411764 2.4
-21.642857142 0 -30.000000000 -26.870967741 2.5
-19.657534246 -20.605263157 -29.343750000 -30.3396 3.1
-15.919354838 -18.203703703 -17.342857142 -22.5714 3.2
-18.720000000 -7.200000000 -15.301369863 -22.6667 3.3
-17.814814814 -13.111111111 -9.142857142 -21.641025641 3.4
-21.123456790 -13.292929292 -25.679245283 -22.772151898 3.5
-25.436363636 -22.7500 -30.500000000 -29.880000000 4.1
-16.486842105 -17.069444444 -23.2946 -18.125000000 4.2
-24.4179 -17.666666666 -14.612903225 -23.722222222 4.3
-16.432432432 -24.5439 -12.792452830 -19.727272727 4.4
-25.292682926 -9.871794871 -23.750000000 -29.3016 4.5
-26.9107 -22.829787234 -23.109090909 -28.195121951 5.1
-16.707070707 -22.142857142 -20.543478260 -18.500000000 5.2
-18.0901 -18.648648648 -17.500000000 -15.500000000 5.3
-24.384615384 -19.285714285 -16.514285714 -18.187500000 5.4
-20.358490566 -22.973684210 -18.021739130 -14.7739 5.5
-30.275862068 -27.904761904 -25.3333 -26.450000000 6.1
-26.304347826 -31.000000000 -27.000000000 -24.8087 6.2
-23.109090909 -24.8689 -22.277777777 -24.538461538 6.3
-26.763636363 -21.0776 -25.434782608 -24.305084745 6.4
-27.111111111 -18.6293 -19.166666666 -18.500000000 6.5
-25.880952380 -26.9858 -19.217391304 -18.202898550 7.1
-25.813333333 -21.1538 -15.721518987 -16.230769230 7.2
-23.181818181 -27.2273 -13.945205479 -14.884615384 7.3
-26.94847 -16.950000000 -18.314285714 -19.615384615 7.4
-28.7059 -25.760563380 -12.407894736 -20.671875000 7.5
-30.5943 -28.586206896 -16.802631578 -6.636363636 8.1
-14.810810810 -27.3611 -14.415094339 -13.541666666 8.2
-19.174603174 -21.0606 -17.250000000 -12.314285714 8.3
-19.000000000 -19.785714285 -6.761904761 -11.565217391 8.4
-22.0851 -26.683544303 -7.276595744 -12.263736263 8.5
-32.4359 -28.557377049 -22.300000000 -10.826086956 9.1
-30.050000000 -22.2105 -17.419354838 -7.833333333 9.2
-26.065573770 27.5455 -17.296296296 -6.043478260 9.3
-21.982300884 -23.3636 -19.822222222 -11.269230769 9.4
-27.666666666 -27.642857142 -9.208333333 -20.8250 9.5
-34.018518518 -31.7857 -30.338461538 -0.450704225 10.1
-27.259259259 -31.600000000 -17.4690 -7.400000000 10.2
-31.547619047 -25.906250000 -16.819444444 -11.6552 10.3
-20.566265060 -29.953846153 -0.960784313 -4.5556 10.4
-23.6757 -28.157894736 0 -13.909090909 10.5
