0.0814 -11.9459 -4.3409 -17.6418 1.1
-1.1184 -10.6988 -15.7179 -20 1.2
-1.8293 -3.069 -10.7241 -12.6456 1.3
-1.0357 -0.0588 -6.7561 -9.5161 1.4
-5.05 8.0732 -11.3563 -7.0833 1.5
-19.3125 -17.6588 -0.0615 4.561 10.1
-11.1493 -15.3857 -9.8737 -0.0548 10.2
-11.5217 -12.4416 -1.9643 -8.0854 10.3
-1.2025 -12.8806 0 -4.5227 10.4
-10.6277 -13.8333 0 -7.8267 10.5
-1.8442 -10.3721 -4.1923 -20.375 2.1
-4.5556 -6.5405 -7.2174 -13.3553 2.2
-8.7234 -8.8295 -9.7931 -15.175 2.3
-7.8395 0 -8.1412 -17.0313 2.4
-9.5854 0 -20.5417 -10.4156 2.5
-0.0988 -4.6667 -11.9688 -19.0909 3.1
-1.1354 -4.8068 -7.5432 -18.3226 3.2
-7.0341 -1.5476 -12.7011 -15.9697 3.3
-7.6633 -1.3951 -0.5172 -11.3448 3.4
-20.4639 -0.5644 -11.6279 -17.3061 3.5
-5.4337 -16.7586 -7.3143 -12.4898 4.1
-0.7976 -5.8202 -17.4239 -12.9425 4.2
-12.9451 -17.8659 -7.9634 -15.4474 4.3
-1.4884 -3.8276 -6.2065 -12.5926 4.4
-5.0972 -3.1538 -10.1558 -10.6196 4.5
-12.9873 -8.7273 -6.4384 -7.0179 5.1
-6.1824 -7.6935 -9.381 -11.4033 5.2
-13.8438 -3.1786 -4.6506 -8.5301 5.3
-5.12 -1.6286 -10.971 -12.4079 5.4
-15.9231 -1.3977 -1.881 -12.0106 5.5
-17.7895 -16.1667 -13.4868 -6.7183 6.1
-0.0471 -7.2917 -9.7619 -16.8152 6.2
-1.5682 -6.0632 -5.025 -12.2692 6.3
-2.7625 -10.7191 -6.4815 -9.6145 6.4
-13.1216 -3.9059 -5.0435 -8.9839 6.5
-12.3605 -17.0918 -14.6023 -11.6786 7.1
-17.3812 -19.8229 -3.9681 -0.3533 7.2
-13.8169 -16.3563 -2.0674 -0.2614 7.3
-18.4778 -8.7467 -6.7821 -15.1163 7.4
-14.1212 -5.5301 -2.3222 -7.8333 7.5
-18.2371 -7.6429 -7.8642 -1.0225 8.1
-5.5333 -17.086 -3.7432 -0.0213 8.2
-6.4103 -14.837 -3.6897 -6.2759 8.3
-0.7976 -7.2706 -0.6711 -12.0426 8.4
-8.1075 -11.0435 -0.1149 -2.4468 8.5
-19.7083 -6 -11.0115 -2.4271 9.1
-14.3788 -17.4941 -2.8861 -2.8056 9.2
-7.0625 -17.0106 -6.8523 -0.314 9.3
-7.414 -17.0839 -0.0241 -8.1939 9.4
-3.9063 -9.7391 -1.9701 -8.9326 9.5
