-67.5986 -71.1032 -83.5181 -91.7776
-44.5576 -58.2103 -75.6285 -84.0279
-65.5698 -57.9744 -73.1944 -84.8966
-78.5541 -73.0395 -71.9329 -84.7242
-65.1968 -61.4055 -64.7560 -69.9794
-76.2429 -70.2078 -71.2172 -75.6484
-66.8362 -47.0979 -68.2879 -80.7233
-84.4715 -66.1298 -82.1815 -70.6931
-73.2500 -65.2751 -71.8301 -77.4973
-67.0307 -67.2745 -73.1325 -66.1086
-70.8460 -73.9808 -71.7366 -79.3676
-77.7797 -73.8426 -48.2191 -61.9675
-80.0694 -73.3917 -56.8605 -69.2857
-72.4162 -71.4208 -64.4226 -64.3447
-72.8848 -70.7097 -63.5971 -51.9083