0.5120500 0.4378314 0.1749153 0.0000000
1.0000000 0.7108704 0.3419970 0.1641190
0.5550148 0.7158662 0.3935451 0.1457222
0.2800402 0.3968255 0.4202605 0.1493731
0.5629140 0.6432042 0.5722490 0.4616307
0.3289856 0.4567937 0.4354172 0.3415756
0.5281957 0.9462029 0.4974524 0.2341021
0.1547247 0.5431554 0.2032211 0.4465163
0.3923676 0.5612558 0.4224375 0.3024206
0.5240767 0.5189136 0.3948560 0.5436044
0.4432783 0.3768911 0.4244176 0.2628124
0.2964401 0.3798179 0.9224587 0.6313024
0.2479500 0.3893668 0.7394557 0.4763215
0.4100254 0.4311055 0.5793096 0.5809593
0.4001017 0.4461648 0.5967916 0.8443308