1.0000000 0.8550560 0.3415981 0.00000000
1.0000000 0.6541019 0.2128030 0.00000000
0.7178760 1.0000000 0.4346673 0.00000000
0.4823669 0.9134881 1.0000000 0.00000000
0.5578092 1.0000000 0.6092210 0.00000000
0.0000000 1.0000000 0.8327451 0.09850707
0.4129943 1.0000000 0.3698216 0.00000000
0.0000000 1.0000000 0.1248521 0.75120627
0.3475070 1.0000000 0.4636808 0.00000000
0.8687197 0.8340096 0.0000000 1.00000000
1.0000000 0.6321348 0.8954891 0.00000000
0.0000000 0.1331874 1.0000000 0.53490795
0.0000000 0.2877215 1.0000000 0.46463641
0.0000000 0.1233228 0.9903488 1.00000000
0.0000000 0.1036922 0.4427669 1.00000000