0.19331244 0.2729957 1.00000000 0.00000000 0.90183582 0.6636968000
0.70372149 1.0000000 0.47099615 0.36898489 0.40439191 0.0000000000
0.42372175 0.4142220 0.48243709 1.00000000 0.00000000 0.0922305766
0.40715756 1.0000000 0.81316870 0.25735964 0.00000000 0.1765938775
0.15724612 1.0000000 0.18710035 0.28333573 0.00000000 0.1234889493
0.13695714 0.3718264 0.47241787 0.00000000 1.00000000 0.5070221370
0.00000000 0.5829602 0.40301437 0.71129134 0.54874584 1.0000000000
0.00000000 0.9261113 0.60052750 0.66069319 1.00000000 0.6138500032
0.82601578 0.5830920 1.00000000 0.13607654 0.00000000 0.5173745002
0.94365994 1.0000000 0.44683356 0.13797717 0.00000000 0.2894836270
0.00000000 0.3115874 1.00000000 0.35367882 0.93455780 0.2998330756
1.00000000 0.4943257 0.51755962 0.07471406 0.00000000 0.0988249015
0.46923079 1.0000000 0.28671973 0.24449954 0.23576872 0.0000000000
0.00000000 0.4177394 0.07536089 0.35377296 0.34918154 1.0000000000
0.42743407 0.6478436 0.61020048 0.00000000 1.00000000 0.5539654598
0.26020450 0.0000000 0.32621173 0.15013322 1.00000000 0.7441842328
0.04337821 0.2155485 0.71620364 0.41030177 1.00000000 0.0000000000
0.58024686 0.7674798 1.00000000 0.17232509 0.14356395 0.0000000000
0.00000000 0.8919396 0.24403546 0.56142104 0.84770240 1.0000000000
1.00000000 0.8854359 0.00000000 0.16558549 0.87817016 0.6538946725
0.12329361 0.2065149 1.00000000 0.18438862 0.00000000 0.0005584138
1.00000000 0.4320256 0.48546449 0.23903259 0.24901609 0.0000000000
1.00000000 0.3260679 0.44360830 0.09848210 0.13360521 0.0000000000
0.54447846 0.9959112 0.68376068 1.00000000 0.32234544 0.0000000000
0.35327318 1.0000000 0.64611347 0.38252494 0.00000000 0.2374848431
0.91413422 0.2106561 1.00000000 0.05974177 0.09518809 0.0000000000
0.00000000 0.5747730 0.28334813 0.17163759 0.77626126 1.0000000000
0.19807692 0.2590706 1.00000000 0.06714181 0.01709553 0.0000000000
0.00000000 0.2323748 0.07060806 0.28085828 0.45086965 1.0000000000
0.48592625 1.0000000 0.61771460 0.50330669 0.11329636 0.0000000000
1.00000000 0.7881937 0.63780964 0.39170844 0.00000000 0.4501306677
0.17862122 0.2161220 1.00000000 0.00000000 0.19337150 0.2818359831
0.23996725 0.6404926 0.51743106 0.00000000 0.50270688 1.0000000000
1.00000000 0.2694363 0.38325879 0.05002273 0.00000000 0.7798481727
1.00000000 0.2398677 0.48764582 0.00000000 0.19505225 0.0623233810