0.19331244 0.2729957 1.00000000 0.00000000 0.90183582 0.66369680
0.70372149 1.0000000 0.47099615 0.36898489 0.40439191 0.00000000
0.42372175 0.4142220 0.48243709 1.00000000 0.00000000 0.09223058
0.40715756 1.0000000 0.81316870 0.25735964 0.00000000 0.17659388
0.15724612 1.0000000 0.18710035 0.28333573 0.00000000 0.12348895
0.13695714 0.3718264 0.47241787 0.00000000 1.00000000 0.50702214
0.00000000 0.5829602 0.40301437 0.71129134 0.54874584 1.00000000
0.00000000 0.9261113 0.60052750 0.66069319 1.00000000 0.61385000
0.82601578 0.5830920 1.00000000 0.13607654 0.00000000 0.51737450
0.94365994 1.0000000 0.44683356 0.13797717 0.00000000 0.28948363
1.00000000 0.4943257 0.51755962 0.07471406 0.00000000 0.09882490
0.46923079 1.0000000 0.28671973 0.24449954 0.23576872 0.00000000
0.00000000 0.4177394 0.07536089 0.35377296 0.34918154 1.00000000
0.42743407 0.6478436 0.61020048 0.00000000 1.00000000 0.55396546
0.26020450 0.0000000 0.32621173 0.15013322 1.00000000 0.74418423
0.04337821 0.2155485 0.71620364 0.41030177 1.00000000 0.00000000
0.58024686 0.7674798 1.00000000 0.17232509 0.14356395 0.00000000
0.00000000 0.8919396 0.24403546 0.56142104 0.84770240 1.00000000
0.92817428 0.5425156 1.00000000 0.00000000 0.89583162 0.73469858
1.00000000 0.3260679 0.22509928 0.09848210 0.06805251 0.00000000
0.54447846 0.9959112 0.68376068 1.00000000 0.32234544 0.00000000
0.35327318 1.0000000 0.64611347 0.38252494 0.00000000 0.23748484
0.91413422 0.5312897 1.00000000 0.05974177 0.09518809 0.00000000
0.27839439 0.0000000 0.41855367 0.58837886 1.00000000 0.77304838
0.19807692 0.2590706 1.00000000 0.06714181 0.01709553 0.00000000
0.00000000 0.2323748 0.07060806 0.28085828 0.45086965 1.00000000
0.48592625 1.0000000 0.61771460 0.50330669 0.11329636 0.00000000
0.00000000 1.0000000 0.40123110 0.18741526 0.50761077 0.30733703
1.00000000 0.8486720 0.87884384 0.89356027 0.00000000 0.84412508
0.83390488 1.0000000 0.33808264 0.63818864 0.54836562 0.00000000
0.10242524 0.6544646 0.00000000 1.00000000 0.35392494 0.54689641
0.23865172 1.0000000 0.18828886 0.53473965 0.00000000 0.16691786
0.00000000 0.9394558 0.17518861 0.28316173 1.00000000 0.01243702
0.68457377 1.0000000 0.29264730 0.71323042 0.00000000 0.44739727
0.30769573 1.0000000 0.28992047 0.63562406 0.00000000 0.25783161
0.31988430 0.0000000 0.24803514 0.56294345 1.00000000 0.43324373
0.07990989 0.3951570 1.00000000 0.59785421 0.41533852 0.00000000
0.16487002 0.8505833 0.00000000 1.00000000 0.04066914 0.08283021
0.86342223 1.0000000 0.61887071 0.84876315 0.76821649 0.00000000
0.00000000 0.8537804 0.02529650 1.00000000 0.05407997 0.06755228
1.00000000 0.5207163 0.04855900 0.29084866 0.00000000 0.06140705
0.30402554 1.0000000 0.18692948 0.45967463 0.00000000 0.27904095
0.02264809 1.0000000 0.35309509 0.26879508 0.00000000 0.68424568
0.12487158 1.0000000 0.00000000 0.84962839 0.72185478 0.55279704
0.00000000 0.3173825 0.65515766 0.57282074 1.00000000 0.66642980
0.37505549 1.0000000 0.00000000 0.67635101 0.33988434 0.17848383
0.00000000 0.9832087 0.29083330 1.00000000 0.90793355 0.87172133
0.46016472 0.0000000 1.00000000 0.12549896 0.46138391 0.28217773
0.65304922 1.0000000 0.00000000 0.71710020 0.05781164 0.06239402
0.00000000 0.5204359 0.05061116 0.95392462 0.27309444 1.00000000
0.38641874 0.8440140 0.00000000 1.00000000 0.15121150 0.87016575
0.00000000 0.3509213 1.00000000 0.51878454 0.06857738 0.20261123
0.00000000 0.7701262 1.00000000 0.41634880 0.76846851 0.70016159
1.00000000 0.4319571 0.49123568 0.65453860 0.28813984 0.00000000
1.00000000 0.6134028 0.18923556 0.53684349 0.00000000 0.08615416
0.54005780 1.0000000 0.14977282 0.86845983 0.00000000 0.18348378
0.11597436 0.4802183 0.00000000 1.00000000 0.23804721 0.25147058
0.44255319 0.8563830 0.00000000 1.00000000 0.14468085 0.59574468