1.0000000 0.03149006 0.6661139 0.00000000 0.15085492 0.3481253
0.7614572 0.34573964 1.0000000 0.00000000 0.52027409 0.6904837
1.0000000 0.00000000 0.4939334 0.14616673 0.32004785 0.5217489
0.5044795 0.00000000 0.1608592 0.33719541 0.74010951 1.0000000
0.3338782 0.29234829 1.0000000 0.08704471 0.30572345 0.0000000
0.2917503 0.22902885 0.2253191 1.00000000 0.00000000 0.5389299
0.4021995 0.00000000 1.0000000 0.11950897 0.58426992 0.1723871
0.0000000 0.46542258 0.2764999 0.94649327 0.56071882 1.0000000
0.5131184 0.24760184 1.0000000 0.50723942 0.84019544 0.0000000
1.0000000 0.19862165 0.8523407 0.68697179 0.38309519 0.0000000
0.1448057 1.00000000 0.8366600 0.91821699 0.08079019 0.0000000