-9.3253 -14.4062 -11.0769 -14.5714 -13.78 -12.7451 "88:C9:D0:1F:3E:48_lg_p1"
-3.53165 -9.68639 0 -14.8051 -7.10239 -4.58242 "D8:90:E8:29:AD:3E_sams_p1"
0 -22.7391 -11.5075 -19.4154 -15.4615 -10.875 "88:C9:D0:1F:3E:48_lg_p5"
-6.71429 -10.8272 -9.51575 -8.07812 -4.79325 -2.67442 "D8:90:E8:29:AD:3E_sams_p10"
-10.2328 -10.9957 2.00377 -14.7671 -10.75 -16.3661 "D8:90:E8:29:AD:3E_sams_p11"
-11.680453658103943 -12.179198145866394 -12.208697160085043 -6.048635857179761 -14.00037602015904 -9.71494526333279 "30:5A:3A:1B:F0:B6"
-12.51111125946045 -20.928571701049805 0 -18.427419662475586 -8.700636863708496 -17.320755004882812 "AC:C1:EE:1C:5E:E8"
-13.260115623474121 -7.090909004211426 -9.595091819763184 -0.7142857313156128 -5.827751159667969 -0.005050505045801401 "C8:14:79:31:3C:29_s3_n_p2"
-8.531779289245605 -13.235294342041016 0.09312638640403748 -8.6359224319458 -2.7377450466156006 -17.621458053588867 "C8:14:79:31:3C:29_s3_n_p3"
0.380952388048172 -10.19463062286377 -1.567669153213501 -3.75 -7.760180950164795 -12.815789222717285 "DC:A9:04:4F:D9:36_ipad_n_p2"
-9.565217018127441 -2.450000047683716 -3.8089888095855713 -3.13043475151062 -10.09782600402832 -10.770000457763672 "F4:E3:FB:85:53:1D_hua_n_p3"
