-0.235161748333333 -10.2748377046667 -16.7564594936667 -27.6749 1.1
-3.724617647 -6.741056989 -19.1914011493333 -21.3348 1.2
-7.78221256033333 -1.89998412666667 -20.7355926736667 -20.6998 1.3
-8.23712962933333 0.0858789476666667 -13.681070068 -15.4975 1.4
-10.700185034 6.10250229866667 -20.4184666666667 -17.5057490193333 1.5
-20.2601764043333 -20.1777918696667 -14.2545839356667 -10.0587333333333 10.1
-14.3386555553333 -13.908630769 -14.1792395346667 -11.9565333333333 10.2
-15.0025748856667 -12.7509888886667 -10.1579888886667 -13.739295238 10.3
-13.586511111 -11.887417391 -5.34685959566667 -12.777070588 10.4
-16.6087190473333 -12.9935666666667 -10 -14.7363559136667 10.5
-8.796878082 -14.859887719 -14.5120166666667 -24.2182 2.1
-7.651984946 -10.862667901 -10.438685714 -21.0409333333333 2.2
-10.6135666666667 -8.78236666666667 -14.4135899543333 -19.4720666666667 2.3
-13.1815716046667 -4.766437037 -9.689385714 -17.5877418803333 2.4
-15.50001893 -4.45874309733333 -21.4540484276667 -18.7696506326667 2.5
-11.011721212 -14.2997 -19.3579 -25.6569666666667 3.1
-7.04074736833333 -11.5686814813333 -15.7030666666667 -20.1787333333333 3.2
-15.5273 -9.57558888866667 -14.3653677416667 -20.7249074073333 3.3
-12.1584774773333 -10.1718333333333 -6.80558427666667 -18.3625575756667 3.4
-20.331127642 -4.77953162366667 -19.6471666666667 -23.3271 3.5
-14.8581 -17.287029078 -15.3418636363333 -20.9772739836667 4.1
-11.2890569023333 -14.0687523806667 -18.60815942 -16.4173333333333 4.2
-13.0305 -16.082616216 -13.5896666666667 -15.8864333333333 4.3
-15.4051717946667 -11.9803047616667 -10.3078285713333 -15.6446333333333 4.4
-15.8038968553333 -10.4276947366667 -14.9393130433333 -15.2224333333333 4.5
-23.1328540226667 -18.139253968 -15.7366333333333 -19.0106666666667 5.1
-13.7574826086667 -17.3869666666667 -17.0568333333333 -19.6956666666667 5.2
-18.513030303 -13.1944 -11.7227925923333 -17.4450871793333 5.3
-18.3044454543333 -11.3339 -15.5198608693333 -18.0895282483333 5.4
-20.9992037036667 -12.5293333333333 -11.7060888886667 -15.4331666666667 5.5
-21.1203841266667 -18.8494333333333 -16.906863768 -12.8285661833333 6.1
-14.1622444443333 -13.6886 -12.9532396623333 -16.4253230766667 6.2
-13.390372727 -14.6539666666667 -9.03403515966667 -13.093705128 6.3
-14.0497233333333 -13.7116333333333 -12.7742619046667 -15.7632948716667 6.4
-22.7279333333333 -14.1784877933333 -10.4399315786667 -13.3423916666667 6.5
-20.4235333333333 -21.1078689653333 -14.324910526 -11.158021212 7.1
-18.3973369366667 -19.0070666666667 -13.1803647796667 -7.71498888866667 7.2
-20.4601343913333 -17.9500666666667 -10.8477333333333 -6.801095238 7.3
-20.0136666666667 -14.456538095 -7.45776825366667 -12.982205797 7.4
-16.1298 -16.968648101 -5.40049858133333 -12.9184120876667 7.5
-24.7428666666667 -18.2824590163333 -14.5766666666667 -9.243195652 8.1
-16.8968 -18.0079333333333 -12.026984946 -5.52407777766667 8.2
-15.90962459 -0.979533333333333 -10.247965432 -6.76109275333333 8.3
-11.7557002946667 -14.8419333333333 -8.973974074 -12.279776923 8.4
-17.845122222 -17.853785714 -7.18597777766667 -11.3382333333333 8.5
-24.833939506 -16.8492 -18.865853846 -1.24133474166667 9.1
-21.6432530863333 -19.3647 -12.1333333333333 -3.72686666666667 9.2
-14.9132396823333 -19.56445 -12.3437148146667 -7.97723333333333 9.3
-13.11735502 -18.787482051 -1.22716143766667 -7.38803333333333 9.4
-12.9077333333333 -19.6035315786667 -2.35603333333333 -10.0115636363333 9.5
